2.000000 0.000000 0.000000 1.000000 0.000000 10.000000
2.100000 0.000000 0.000000 1.000000 0.000000 10.000000
2.200000 0.000000 0.000000 1.000000 0.000000 10.000000
2.300000 0.000000 0.000000 1.000000 0.000000 10.000000
2.400000 0.000000 0.000000 1.000000 0.000000 10.000000
2.500000 0.000000 0.000000 1.000000 0.000000 10.000000
2.600000 0.000000 0.251833 0.748167 0.000000 10.000000
2.700000 0.000000 0.235083 0.764917 0.000000 10.000000
2.800000 0.000000 0.238000 0.762000 0.000000 10.000000
2.900000 0.000000 0.255000 0.745000 0.000000 10.000000
3.000000 0.000000 0.225333 0.774667 0.000000 10.000000
3.100000 0.000000 0.240250 0.759750 0.000000 10.000000
3.200000 0.000000 0.241667 0.758333 0.000000 10.000000
3.300000 0.000000 0.233167 0.766833 0.000000 10.000000
3.400000 0.000000 0.226833 0.773167 0.000000 10.000000
3.500000 0.000000 0.233750 0.766250 0.000000 10.000000
3.600000 0.000000 0.242333 0.757667 0.000000 10.000000
3.700000 0.000000 0.238750 0.761250 0.000000 10.000000
3.800000 0.000000 0.234583 0.765417 0.000000 10.000000
3.900000 0.000000 0.239083 0.760917 0.000000 10.000000
4.000000 0.000000 0.250500 0.749500 0.000000 10.000000
4.100000 0.000000 0.246000 0.754000 0.000000 10.000000
4.200000 0.000000 0.249750 0.750250 0.000000 10.000000
4.300000 0.000000 0.243583 0.756417 0.000000 10.000000
4.400000 0.000000 0.244250 0.755750 0.000000 10.000000
4.500000 0.000000 0.239167 0.760833 0.000000 10.000000
4.600000 0.000000 0.234500 0.765500 0.000000 10.000000
4.700000 0.000000 0.244167 0.755833 0.000000 10.000000
4.800000 0.000000 0.241083 0.758917 0.000000 10.000000
4.900000 0.000000 0.233667 0.766333 0.000000 10.000000
5.000000 0.000000 0.677750 0.322250 0.000000 10.000000
5.100000 0.000000 0.994000 0.006000 0.000000 10.000000
5.200000 0.000000 0.994250 0.005750 0.000000 10.000000
5.300000 0.000000 0.994083 0.005917 0.000000 10.000000
5.400000 0.000000 0.994250 0.005750 0.000000 10.000000
5.500000 0.000000 0.993667 0.006333 0.000000 10.000000
5.600000 0.000000 0.993917 0.006083 0.000000 10.000000
5.700000 0.000000 0.994333 0.005667 0.000000 10.000000
5.800000 0.000000 0.994333 0.005667 0.000000 10.000000
5.900000 0.000000 0.994333 0.005667 0.000000 10.000000
6.000000 0.000000 0.994917 0.005083 0.000000 10.000000
6.100000 0.000000 0.994583 0.005417 0.000000 10.000000
6.200000 0.000000 0.994833 0.005167 0.000000 10.000000
6.300000 0.000000 0.994750 0.005250 0.000000 10.000000
6.400000 0.000000 0.994083 0.005917 0.000000 10.000000
6.500000 0.000000 0.993833 0.006167 0.000000 10.000000
6.600000 0.000000 0.994500 0.005500 0.000000 10.000000
6.700000 0.000000 0.994583 0.005417 0.000000 10.000000
6.800000 0.000000 0.995167 0.004833 0.000000 10.000000
6.900000 0.000000 0.994500 0.005500 0.000000 10.000000
7.000000 0.000000 0.994417 0.005583 0.000000 10.000000
