2.000000 0.000000 0.000000 1.000000 0.000000 10.000000
2.100000 0.000000 0.000000 1.000000 0.000000 10.000000
2.200000 0.000000 0.000000 1.000000 0.000000 10.000000
2.300000 0.000000 0.000000 1.000000 0.000000 10.000000
2.400000 0.000000 0.000000 1.000000 0.000000 10.000000
2.500000 0.000000 0.000000 1.000000 0.000000 10.000000
2.600000 0.000000 0.000000 1.000000 0.000000 10.000000
2.700000 0.000000 0.000000 1.000000 0.000000 10.000000
2.800000 0.000000 0.000000 1.000000 0.000000 10.000000
2.900000 0.000000 0.000000 1.000000 0.000000 10.000000
3.000000 0.000000 0.000000 1.000000 0.000000 10.000000
3.100000 0.000000 0.000000 1.000000 0.000000 10.000000
3.200000 0.000000 0.000000 1.000000 0.000000 10.000000
3.300000 0.000000 0.000000 1.000000 0.000000 10.000000
3.400000 0.000000 0.000000 1.000000 0.000000 10.000000
3.500000 0.000000 0.000000 1.000000 0.000000 10.000000
3.600000 0.000000 0.000000 1.000000 0.000000 10.000000
3.700000 0.000000 0.000000 1.000000 0.000000 10.000000
3.800000 0.000000 0.000000 1.000000 0.000000 10.000000
3.900000 0.000000 0.000000 1.000000 0.000000 10.000000
4.000000 0.000000 0.000000 1.000000 0.000000 10.000000
4.100000 0.000000 0.000000 1.000000 0.000000 10.000000
4.200000 0.000000 0.000000 1.000000 0.000000 10.000000
4.300000 0.000000 0.000000 1.000000 0.000000 10.000000
4.400000 0.000000 0.000000 1.000000 0.000000 10.000000
4.500000 0.000000 0.000000 1.000000 0.000000 10.000000
4.600000 0.000000 0.296438 0.703563 0.000000 10.000000
4.700000 0.000000 0.294705 0.705295 0.000000 10.000000
4.800000 0.000000 0.296805 0.703195 0.000000 10.000000
4.900000 0.000000 0.300575 0.699425 0.000000 10.000000
5.000000 0.000000 0.291940 0.708060 0.000000 10.000000
5.100000 0.000000 0.294673 0.705327 0.000000 10.000000
5.200000 0.000000 0.289490 0.710510 0.000000 10.000000
5.300000 0.000000 0.296193 0.703808 0.000000 10.000000
5.400000 0.000000 0.293287 0.706713 0.000000 10.000000
5.500000 0.000000 0.293382 0.706618 0.000000 10.000000
5.600000 0.000000 0.294760 0.705240 0.000000 10.000000
5.700000 0.000000 0.297143 0.702858 0.000000 10.000000
5.800000 0.000000 0.297658 0.702342 0.000000 10.000000
5.900000 0.000000 0.296008 0.703993 0.000000 10.000000
6.000000 0.000000 0.297785 0.702215 0.000000 10.000000
6.100000 0.000000 0.299120 0.700880 0.000000 10.000000
6.200000 0.000000 0.288477 0.711522 0.000000 10.000000
6.300000 0.000000 0.297717 0.702283 0.000000 10.000000
6.400000 0.000000 0.296613 0.703388 0.000000 10.000000
6.500000 0.000000 0.295312 0.704688 0.000000 10.000000
6.600000 0.000000 0.296655 0.703345 0.000000 10.000000
6.700000 0.000000 0.289925 0.710075 0.000000 10.000000
6.800000 0.000000 0.289878 0.710122 0.000000 10.000000
6.900000 0.000000 0.295670 0.704330 0.000000 10.000000
7.000000 0.000000 0.296413 0.703588 0.000000 10.000000
7.100000 0.000000 0.300200 0.699800 0.000000 10.000000
7.200000 0.000000 0.293247 0.706753 0.000000 10.000000
7.300000 0.000000 0.300365 0.699635 0.000000 10.000000
7.400000 0.000000 0.296092 0.703907 0.000000 10.000000
7.500000 0.000000 0.298025 0.701975 0.000000 10.000000
7.600000 0.000000 0.294110 0.705890 0.000000 10.000000
7.700000 0.000000 0.297585 0.702415 0.000000 10.000000
7.800000 0.000000 0.292512 0.707487 0.000000 10.000000
7.900000 0.000000 0.294440 0.705560 0.000000 10.000000
8.000000 0.000000 0.293920 0.706080 0.000000 10.000000
8.100000 0.000000 0.296892 0.703107 0.000000 10.000000
8.200000 0.000000 0.296835 0.703165 0.000000 10.000000
8.300000 0.000000 0.296863 0.703137 0.000000 10.000000
8.400000 0.000000 0.293087 0.706912 0.000000 10.000000
8.500000 0.000000 0.293747 0.706252 0.000000 10.000000
8.600000 0.000000 0.291735 0.708265 0.000000 10.000000
8.700000 0.000000 0.300235 0.699765 0.000000 10.000000
8.800000 0.000000 0.296635 0.703365 0.000000 10.000000
8.900000 0.000000 0.296065 0.703935 0.000000 10.000000
9.000000 0.000000 0.777485 0.222515 0.000000 10.000000
9.100000 0.000000 0.999868 0.000132 0.000000 10.000000
9.200000 0.000000 0.999853 0.000148 0.000000 10.000000
9.300000 0.000000 0.999863 0.000137 0.000000 10.000000
9.400000 0.000000 0.999865 0.000135 0.000000 10.000000
9.500000 0.000000 0.999870 0.000130 0.000000 10.000000
9.600000 0.000000 0.999860 0.000140 0.000000 10.000000
9.700000 0.000000 0.999868 0.000132 0.000000 10.000000
9.800000 0.000000 0.999855 0.000145 0.000000 10.000000
9.900000 0.000000 0.999870 0.000130 0.000000 10.000000
10.000000 0.000000 0.999855 0.000145 0.000000 10.000000
10.100000 0.000000 0.999870 0.000130 0.000000 10.000000
10.200000 0.000000 0.999868 0.000133 0.000000 10.000000
10.300000 0.000000 0.999863 0.000138 0.000000 10.000000
10.400000 0.000000 0.999865 0.000135 0.000000 10.000000
10.500000 0.000000 0.999855 0.000145 0.000000 10.000000
10.600000 0.000000 0.999863 0.000137 0.000000 10.000000
10.700000 0.000000 0.999870 0.000130 0.000000 10.000000
10.800000 0.000000 0.999858 0.000142 0.000000 10.000000
10.900000 0.000000 0.999868 0.000133 0.000000 10.000000
11.000000 0.000000 0.999873 0.000127 0.000000 10.000000
