3.900000 0.000000 0.000000 0.000000 1.000000 0.000000 100.000000
3.900000 0.010000 0.010000 0.000000 1.000000 0.000000 100.000000
3.900000 0.020000 0.020000 0.000000 1.000000 0.000000 100.000000
3.900000 0.030000 0.030000 0.000000 1.000000 0.000000 100.000000
3.900000 0.040000 0.040000 0.000000 1.000000 0.000000 100.000000
3.900000 0.050000 0.050000 0.000000 1.000000 0.000000 100.000000
3.900000 0.060000 0.060000 0.000000 1.000000 0.000000 100.000000
3.900000 0.070000 0.070000 0.000000 1.000000 0.000000 100.000000
3.900000 0.080000 0.080000 0.000000 1.000000 0.000000 100.000000
3.900000 0.090000 0.090000 0.000000 1.000000 0.000000 100.000000
3.900000 0.100000 0.100000 0.000000 1.000000 0.000000 100.000000
3.900000 0.110000 0.110000 0.000000 1.000000 0.000000 100.000000
3.900000 0.120000 0.120000 0.000000 0.748513 0.251487 100.000000
3.900000 0.130000 0.130000 0.000000 0.387614 0.612386 100.000000
3.900000 0.140000 0.140000 0.000000 0.159197 0.840803 100.000000
3.900000 0.150000 0.150000 0.000000 0.066082 0.933918 100.000000
3.900000 0.160000 0.160000 0.000000 0.033884 0.966116 100.000000
3.900000 0.170000 0.170000 0.000000 0.010000 0.990000 100.000000
3.900000 0.180000 0.180000 0.000000 0.010000 0.990000 100.000000
3.900000 0.190000 0.190000 0.000000 0.010000 0.990000 100.000000
3.900000 0.200000 0.200000 0.000000 0.010000 0.990000 100.000000
3.900000 0.210000 0.210000 0.000000 0.000000 1.000000 100.000000
3.900000 0.220000 0.220000 0.000000 0.010000 0.990000 100.000000
3.900000 0.230000 0.230000 0.000000 0.000000 1.000000 100.000000
3.900000 0.240000 0.240000 0.000126 0.000000 0.999874 100.000000
3.900000 0.250000 0.250000 0.000143 0.000000 0.999857 100.000000
3.900000 0.260000 0.260000 0.000684 0.000000 0.999316 100.000000
3.900000 0.270000 0.270000 0.002070 0.000000 0.997930 100.000000
3.900000 0.280000 0.280000 0.001041 0.000000 0.998959 100.000000
3.900000 0.290000 0.290000 0.001610 0.000000 0.998390 100.000000
3.900000 0.300000 0.300000 0.002087 0.000000 0.997913 100.000000
3.900000 0.310000 0.310000 0.002623 0.000000 0.997377 100.000000
3.900000 0.320000 0.320000 0.002489 0.000000 0.997511 100.000000
3.900000 0.330000 0.330000 0.003952 0.000000 0.996048 100.000000
3.900000 0.340000 0.340000 0.004595 0.000000 0.995405 100.000000
3.900000 0.350000 0.350000 0.008322 0.000000 0.991678 100.000000
3.900000 0.360000 0.360000 0.008119 0.000000 0.991881 100.000000
3.900000 0.370000 0.370000 0.006958 0.000000 0.993042 100.000000
3.900000 0.380000 0.380000 0.007194 0.000000 0.992806 100.000000
3.900000 0.390000 0.390000 0.009801 0.010000 0.980199 100.000000
3.900000 0.400000 0.400000 0.012455 0.000000 0.987545 100.000000
3.900000 0.410000 0.410000 0.012220 0.000000 0.987780 100.000000
3.900000 0.420000 0.420000 0.018713 0.000000 0.981287 100.000000
3.900000 0.430000 0.430000 0.017092 0.000000 0.982908 100.000000
3.900000 0.440000 0.440000 0.019452 0.020000 0.960548 100.000000
3.900000 0.450000 0.450000 0.019571 0.020000 0.960429 100.000000
3.900000 0.460000 0.460000 0.024624 0.060000 0.915376 100.000000
3.900000 0.470000 0.470000 0.023454 0.060000 0.916546 100.000000
3.900000 0.480000 0.480000 0.032596 0.090000 0.877404 100.000000
3.900000 0.490000 0.490000 0.028910 0.160000 0.811090 100.000000
3.900000 0.500000 0.500000 0.039556 0.170000 0.790444 100.000000
3.900000 0.510000 0.510000 0.026581 0.270000 0.703419 100.000000
3.900000 0.520000 0.520000 0.041789 0.350000 0.608211 100.000000
3.900000 0.530000 0.530000 0.050162 0.330000 0.619838 100.000000
3.900000 0.540000 0.540000 0.046817 0.420000 0.533183 100.000000
3.900000 0.550000 0.550000 0.062079 0.490000 0.447921 100.000000
3.900000 0.560000 0.560000 0.039257 0.650000 0.310743 100.000000
3.900000 0.570000 0.570000 0.040324 0.700000 0.259676 100.000000
3.900000 0.580000 0.580000 0.037504 0.710000 0.252496 100.000000
3.900000 0.590000 0.590000 0.034651 0.780000 0.185349 100.000000
3.900000 0.600000 0.600000 0.016081 0.880000 0.103919 100.000000
3.900000 0.610000 0.610000 0.024232 0.860000 0.115768 100.000000
3.900000 0.620000 0.620000 0.025839 0.860000 0.114161 100.000000
3.900000 0.630000 0.630000 0.020366 0.880000 0.099634 100.000000
3.900000 0.640000 0.640000 0.008955 0.930000 0.061045 100.000000
3.900000 0.650000 0.650000 0.018187 0.900000 0.081813 100.000000
3.900000 0.660000 0.660000 0.011009 0.930000 0.058991 100.000000
3.900000 0.670000 0.670000 0.016024 0.900000 0.083976 100.000000
3.900000 0.680000 0.680000 0.004774 0.970000 0.025226 100.000000
3.900000 0.690000 0.690000 0.006946 0.950000 0.043054 100.000000
3.900000 0.700000 0.700000 0.007117 0.970000 0.022883 100.000000
3.900000 0.710000 0.710000 0.005270 0.980000 0.014730 100.000000
3.900000 0.720000 0.720000 0.008546 0.950000 0.041454 100.000000
3.900000 0.730000 0.730000 0.003025 0.980000 0.016975 100.000000
3.900000 0.740000 0.740000 0.007011 0.960000 0.032989 100.000000
3.900000 0.750000 0.750000 0.002654 0.990000 0.007346 100.000000
3.900000 0.760000 0.760000 0.007961 0.940000 0.052039 100.000000
3.900000 0.770000 0.770000 0.012211 0.930000 0.057789 100.000000
3.900000 0.780000 0.780000 0.007614 0.960000 0.032386 100.000000
3.900000 0.790000 0.790000 0.008651 0.950000 0.041349 100.000000
3.900000 0.800000 0.800000 0.007574 0.960000 0.032426 100.000000
3.900000 0.810000 0.810000 0.026911 0.850000 0.123089 100.000000
3.900000 0.820000 0.820000 0.018725 0.910000 0.071275 100.000000
3.900000 0.830000 0.830000 0.040218 0.790000 0.169782 100.000000
3.900000 0.840000 0.840000 0.048697 0.740000 0.211303 100.000000
3.900000 0.850000 0.850000 0.049042 0.720000 0.230958 100.000000
3.900000 0.860000 0.860000 0.056013 0.710000 0.233987 100.000000
3.900000 0.870000 0.870000 0.064442 0.670000 0.265558 100.000000
3.900000 0.880000 0.880000 0.080560 0.600000 0.319440 100.000000
3.900000 0.890000 0.890000 0.104022 0.490000 0.405978 100.000000
3.900000 0.900000 0.900000 0.103402 0.460000 0.436598 100.000000
3.900000 0.910000 0.910000 0.159318 0.290000 0.550682 100.000000
3.900000 0.920000 0.920000 0.154558 0.240000 0.605442 100.000000
3.900000 0.930000 0.930000 0.186596 0.170000 0.643404 100.000000
3.900000 0.940000 0.940000 0.201134 0.120000 0.678866 100.000000
3.900000 0.950000 0.950000 0.207337 0.080000 0.712663 100.000000
3.900000 0.960000 0.960000 0.216101 0.060000 0.723899 100.000000
3.900000 0.970000 0.970000 0.222327 0.020000 0.757673 100.000000
3.900000 0.980000 0.980000 0.228686 0.010000 0.761314 100.000000
3.900000 0.990000 0.990000 0.233737 0.010000 0.756263 100.000000
3.900000 1.000000 1.000000 0.232202 0.010000 0.757798 100.000000
3.900000 1.010000 1.010000 0.242675 0.000000 0.757325 100.000000
3.900000 1.020000 1.020000 0.234367 0.000000 0.765633 100.000000
3.900000 1.030000 1.030000 0.248068 0.000000 0.751932 100.000000
3.900000 1.040000 1.040000 0.259614 0.000000 0.740386 100.000000
3.900000 1.050000 1.050000 0.259037 0.000000 0.740963 100.000000
3.900000 1.060000 1.060000 0.261463 0.000000 0.738537 100.000000
3.900000 1.070000 1.070000 0.257813 0.000000 0.742187 100.000000
3.900000 1.080000 1.080000 0.268039 0.000000 0.731961 100.000000
3.900000 1.090000 1.090000 0.262858 0.000000 0.737142 100.000000
3.900000 1.100000 1.100000 0.266258 0.000000 0.733742 100.000000
3.900000 1.110000 1.110000 0.275001 0.000000 0.724999 100.000000
3.900000 1.120000 1.120000 0.269381 0.000000 0.730619 100.000000
3.900000 1.130000 1.130000 0.277901 0.000000 0.722099 100.000000
3.900000 1.140000 1.140000 0.280817 0.000000 0.719183 100.000000
3.900000 1.150000 1.150000 0.271099 0.000000 0.728901 100.000000
3.900000 1.160000 1.160000 0.274768 0.000000 0.725232 100.000000
3.900000 1.170000 1.170000 0.276913 0.000000 0.723087 100.000000
3.900000 1.180000 1.180000 0.277536 0.000000 0.722464 100.000000
3.900000 1.190000 1.190000 0.281770 0.000000 0.718230 100.000000
3.900000 1.200000 1.200000 0.284364 0.000000 0.715636 100.000000
