4.000000 0.000000 0.000000 0.000000 1.000000 0.000000 100.000000
4.000000 0.010000 0.010000 0.000000 1.000000 0.000000 100.000000
4.000000 0.020000 0.020000 0.000000 1.000000 0.000000 100.000000
4.000000 0.030000 0.030000 0.000000 1.000000 0.000000 100.000000
4.000000 0.040000 0.040000 0.000000 1.000000 0.000000 100.000000
4.000000 0.050000 0.050000 0.000000 1.000000 0.000000 100.000000
4.000000 0.060000 0.060000 0.000000 1.000000 0.000000 100.000000
4.000000 0.070000 0.070000 0.000000 1.000000 0.000000 100.000000
4.000000 0.080000 0.080000 0.000000 1.000000 0.000000 100.000000
4.000000 0.090000 0.090000 0.000000 1.000000 0.000000 100.000000
4.000000 0.100000 0.100000 0.000000 1.000000 0.000000 100.000000
4.000000 0.110000 0.110000 0.000000 0.588253 0.411747 100.000000
4.000000 0.120000 0.120000 0.000000 0.331842 0.668158 100.000000
4.000000 0.130000 0.130000 0.000000 0.141126 0.858874 100.000000
4.000000 0.140000 0.140000 0.000000 0.069764 0.930236 100.000000
4.000000 0.150000 0.150000 0.000000 0.028922 0.971078 100.000000
4.000000 0.160000 0.160000 0.000000 0.006769 0.993231 100.000000
4.000000 0.170000 0.170000 0.000000 0.000000 1.000000 100.000000
4.000000 0.180000 0.180000 0.000000 0.000000 1.000000 100.000000
4.000000 0.190000 0.190000 0.000000 0.000000 1.000000 100.000000
4.000000 0.200000 0.200000 0.000000 0.000000 1.000000 100.000000
4.000000 0.210000 0.210000 0.000000 0.000000 1.000000 100.000000
4.000000 0.220000 0.220000 0.000192 0.000000 0.999808 100.000000
4.000000 0.230000 0.230000 0.000636 0.000000 0.999364 100.000000
4.000000 0.240000 0.240000 0.001306 0.000000 0.998694 100.000000
4.000000 0.250000 0.250000 0.001030 0.000000 0.998970 100.000000
4.000000 0.260000 0.260000 0.001907 0.000000 0.998093 100.000000
4.000000 0.270000 0.270000 0.002878 0.000000 0.997122 100.000000
4.000000 0.280000 0.280000 0.002810 0.000000 0.997190 100.000000
4.000000 0.290000 0.290000 0.004008 0.000000 0.995992 100.000000
4.000000 0.300000 0.300000 0.006565 0.000000 0.993435 100.000000
4.000000 0.310000 0.310000 0.007417 0.000000 0.992583 100.000000
4.000000 0.320000 0.320000 0.009011 0.000000 0.990989 100.000000
4.000000 0.330000 0.330000 0.010943 0.000000 0.989057 100.000000
4.000000 0.340000 0.340000 0.011773 0.000000 0.988227 100.000000
4.000000 0.350000 0.350000 0.014302 0.000000 0.985698 100.000000
4.000000 0.360000 0.360000 0.018256 0.000000 0.981744 100.000000
4.000000 0.370000 0.370000 0.021244 0.000000 0.978756 100.000000
4.000000 0.380000 0.380000 0.022325 0.000000 0.977675 100.000000
4.000000 0.390000 0.390000 0.025673 0.000000 0.974327 100.000000
4.000000 0.400000 0.400000 0.029501 0.000000 0.970499 100.000000
4.000000 0.410000 0.410000 0.027135 0.000000 0.972865 100.000000
4.000000 0.420000 0.420000 0.027685 0.000000 0.972315 100.000000
4.000000 0.430000 0.430000 0.036931 0.000000 0.963069 100.000000
4.000000 0.440000 0.440000 0.036882 0.000000 0.963118 100.000000
4.000000 0.450000 0.450000 0.035913 0.000000 0.964087 100.000000
4.000000 0.460000 0.460000 0.045330 0.000000 0.954670 100.000000
4.000000 0.470000 0.470000 0.045754 0.000000 0.954246 100.000000
4.000000 0.480000 0.480000 0.054660 0.000000 0.945340 100.000000
4.000000 0.490000 0.490000 0.058136 0.000000 0.941864 100.000000
4.000000 0.500000 0.500000 0.064792 0.000000 0.935208 100.000000
4.000000 0.510000 0.510000 0.071458 0.000000 0.928542 100.000000
4.000000 0.520000 0.520000 0.079451 0.000000 0.920549 100.000000
4.000000 0.530000 0.530000 0.084876 0.010000 0.905124 100.000000
4.000000 0.540000 0.540000 0.088119 0.030000 0.881881 100.000000
4.000000 0.550000 0.550000 0.104418 0.030000 0.865582 100.000000
4.000000 0.560000 0.560000 0.112955 0.090000 0.797045 100.000000
4.000000 0.570000 0.570000 0.109204 0.120000 0.770796 100.000000
4.000000 0.580000 0.580000 0.106923 0.120000 0.773077 100.000000
4.000000 0.590000 0.590000 0.111471 0.190000 0.698529 100.000000
4.000000 0.600000 0.600000 0.111770 0.260000 0.628230 100.000000
4.000000 0.610000 0.610000 0.098516 0.370000 0.531484 100.000000
4.000000 0.620000 0.620000 0.100640 0.350000 0.549360 100.000000
4.000000 0.630000 0.630000 0.107475 0.410000 0.482525 100.000000
4.000000 0.640000 0.640000 0.093483 0.460000 0.446517 100.000000
4.000000 0.650000 0.650000 0.071543 0.610000 0.318457 100.000000
4.000000 0.660000 0.660000 0.072302 0.610000 0.317698 100.000000
4.000000 0.670000 0.670000 0.059283 0.670000 0.270717 100.000000
4.000000 0.680000 0.680000 0.056855 0.660000 0.283145 100.000000
4.000000 0.690000 0.690000 0.038957 0.770000 0.191043 100.000000
4.000000 0.700000 0.700000 0.038099 0.790000 0.171901 100.000000
4.000000 0.710000 0.710000 0.061525 0.680000 0.258475 100.000000
4.000000 0.720000 0.720000 0.034171 0.820000 0.145829 100.000000
4.000000 0.730000 0.730000 0.026372 0.860000 0.113628 100.000000
4.000000 0.740000 0.740000 0.030116 0.820000 0.149884 100.000000
4.000000 0.750000 0.750000 0.038448 0.760000 0.201552 100.000000
4.000000 0.760000 0.760000 0.026531 0.860000 0.113469 100.000000
4.000000 0.770000 0.770000 0.034853 0.810000 0.155147 100.000000
4.000000 0.780000 0.780000 0.039887 0.780000 0.180113 100.000000
4.000000 0.790000 0.790000 0.043076 0.780000 0.176924 100.000000
4.000000 0.800000 0.800000 0.032877 0.800000 0.167123 100.000000
4.000000 0.810000 0.810000 0.041994 0.770000 0.188006 100.000000
4.000000 0.820000 0.820000 0.034626 0.820000 0.145374 100.000000
4.000000 0.830000 0.830000 0.068301 0.670000 0.261699 100.000000
4.000000 0.840000 0.840000 0.078468 0.540000 0.381532 100.000000
4.000000 0.850000 0.850000 0.081619 0.580000 0.338381 100.000000
4.000000 0.860000 0.860000 0.110522 0.450000 0.439478 100.000000
4.000000 0.870000 0.870000 0.122542 0.390000 0.487458 100.000000
4.000000 0.880000 0.880000 0.128104 0.380000 0.491896 100.000000
4.000000 0.890000 0.890000 0.149491 0.290000 0.560509 100.000000
4.000000 0.900000 0.900000 0.181651 0.180000 0.638349 100.000000
4.000000 0.910000 0.910000 0.198309 0.110000 0.691691 100.000000
4.000000 0.920000 0.920000 0.189470 0.120000 0.690530 100.000000
4.000000 0.930000 0.930000 0.211120 0.090000 0.698880 100.000000
4.000000 0.940000 0.940000 0.217001 0.050000 0.732999 100.000000
4.000000 0.950000 0.950000 0.226549 0.040000 0.733451 100.000000
4.000000 0.960000 0.960000 0.236557 0.030000 0.733443 100.000000
4.000000 0.970000 0.970000 0.237530 0.020000 0.742470 100.000000
4.000000 0.980000 0.980000 0.248254 0.010000 0.741746 100.000000
4.000000 0.990000 0.990000 0.237270 0.010000 0.752730 100.000000
4.000000 1.000000 1.000000 0.244806 0.010000 0.745194 100.000000
4.000000 1.010000 1.010000 0.256388 0.000000 0.743612 100.000000
4.000000 1.020000 1.020000 0.263818 0.000000 0.736182 100.000000
4.000000 1.030000 1.030000 0.255124 0.000000 0.744876 100.000000
4.000000 1.040000 1.040000 0.261016 0.000000 0.738984 100.000000
4.000000 1.050000 1.050000 0.269122 0.000000 0.730878 100.000000
4.000000 1.060000 1.060000 0.265075 0.000000 0.734925 100.000000
4.000000 1.070000 1.070000 0.273866 0.000000 0.726134 100.000000
4.000000 1.080000 1.080000 0.281247 0.000000 0.718753 100.000000
4.000000 1.090000 1.090000 0.278813 0.000000 0.721187 100.000000
4.000000 1.100000 1.100000 0.284293 0.000000 0.715707 100.000000
4.000000 1.110000 1.110000 0.278143 0.000000 0.721857 100.000000
4.000000 1.120000 1.120000 0.282694 0.000000 0.717306 100.000000
4.000000 1.130000 1.130000 0.283814 0.000000 0.716186 100.000000
4.000000 1.140000 1.140000 0.294044 0.000000 0.705956 100.000000
4.000000 1.150000 1.150000 0.289791 0.000000 0.710209 100.000000
4.000000 1.160000 1.160000 0.286539 0.000000 0.713461 100.000000
4.000000 1.170000 1.170000 0.288348 0.000000 0.711652 100.000000
4.000000 1.180000 1.180000 0.291515 0.000000 0.708485 100.000000
4.000000 1.190000 1.190000 0.285276 0.000000 0.714724 100.000000
4.000000 1.200000 1.200000 0.294129 0.000000 0.705871 100.000000
