0.010000 0.249936 0.500075 0.249989 0.000000 0.000000 100.000000
1.000000 0.249936 0.500075 0.249989 0.000000 0.000000 100.000000
2.000000 0.223619 0.614722 0.161659 0.000000 0.000000 100.000000
3.000000 0.202441 0.685941 0.111618 0.000000 0.000000 100.000000
4.000000 0.183935 0.732899 0.083166 0.000000 0.000000 100.000000
5.000000 0.169160 0.764814 0.066026 0.000000 0.000000 100.000000
6.000000 0.157312 0.787596 0.055092 0.000000 0.000000 100.000000
7.000000 0.147170 0.804935 0.047895 0.000000 0.000000 100.000000
8.000000 0.138995 0.818001 0.043004 0.000000 0.000000 100.000000
9.000000 0.132300 0.828476 0.039224 0.000000 0.000000 100.000000
10.000000 0.125918 0.837391 0.036691 0.000000 0.000000 100.000000
11.000000 0.120246 0.845100 0.034654 0.000000 0.000000 100.000000
13.000000 0.111852 0.856409 0.031739 0.000000 0.000000 100.000000
14.000000 0.108524 0.860993 0.030483 0.000000 0.000000 100.000000
16.000000 0.102617 0.869104 0.028279 0.000000 0.000000 100.000000
17.000000 0.099985 0.872371 0.027644 0.000000 0.000000 100.000000
19.000000 0.094152 0.879421 0.026427 0.000000 0.000000 100.000000
21.000000 0.089624 0.885105 0.025271 0.000000 0.000000 100.000000
23.000000 0.085207 0.890278 0.024515 0.000000 0.000000 100.000000
25.000000 0.081723 0.894539 0.023738 0.000000 0.000000 100.000000
28.000000 0.076831 0.900617 0.022552 0.000000 0.000000 100.000000
31.000000 0.072049 0.906198 0.021753 0.000000 0.000000 100.000000
34.000000 0.067468 0.911550 0.020982 0.000000 0.000000 100.000000
37.000000 0.063455 0.916162 0.020383 0.000000 0.000000 100.000000
41.000000 0.058275 0.922321 0.019404 0.000000 0.000000 100.000000
45.000000 0.053595 0.927429 0.018976 0.000000 0.000000 100.000000
49.000000 0.049511 0.931867 0.018622 0.000000 0.000000 100.000000
54.000000 0.044929 0.937166 0.017905 0.000000 0.000000 100.000000
59.000000 0.040597 0.941647 0.017756 0.000000 0.000000 100.000000
65.000000 0.036534 0.946113 0.017353 0.000000 0.000000 100.000000
72.000000 0.032617 0.950260 0.017123 0.000000 0.000000 100.000000
79.000000 0.029565 0.953512 0.016923 0.000000 0.000000 100.000000
86.000000 0.026362 0.957011 0.016627 0.000000 0.000000 100.000000
95.000000 0.023060 0.960311 0.016629 0.000000 0.000000 100.000000
104.000000 0.020959 0.962303 0.016738 0.000000 0.000000 100.000000
115.000000 0.018919 0.964385 0.016696 0.000000 0.000000 100.000000
126.000000 0.017475 0.965541 0.016984 0.000000 0.000000 100.000000
139.000000 0.016259 0.966917 0.016824 0.000000 0.000000 100.000000
153.000000 0.014787 0.967284 0.017929 0.000000 0.000000 100.000000
168.000000 0.014574 0.966884 0.018542 0.000000 0.000000 100.000000
185.000000 0.014622 0.966039 0.019339 0.000000 0.000000 100.000000
203.000000 0.015163 0.964592 0.020245 0.000000 0.000000 100.000000
223.000000 0.015076 0.963127 0.021797 0.000000 0.000000 100.000000
246.000000 0.015227 0.960798 0.023975 0.000000 0.000000 100.000000
270.000000 0.015928 0.958349 0.025723 0.000000 0.000000 100.000000
297.000000 0.016233 0.955020 0.028747 0.000000 0.000000 100.000000
327.000000 0.016714 0.950445 0.032841 0.000000 0.000000 100.000000
359.000000 0.017576 0.945873 0.036551 0.000000 0.000000 100.000000
395.000000 0.018482 0.940249 0.041269 0.000000 0.000000 100.000000
435.000000 0.021076 0.931828 0.047096 0.000000 0.000000 100.000000
478.000000 0.023081 0.922579 0.054340 0.000000 0.000000 100.000000
526.000000 0.024710 0.911868 0.063422 0.000000 0.000000 100.000000
579.000000 0.027468 0.898320 0.074212 0.000000 0.000000 100.000000
636.000000 0.030651 0.881961 0.087388 0.000000 0.000000 100.000000
700.000000 0.034016 0.862422 0.103562 0.000000 0.000000 100.000000
770.000000 0.038838 0.838834 0.122328 0.000000 0.000000 100.000000
847.000000 0.045108 0.809596 0.145296 0.000000 0.000000 100.000000
931.000000 0.050400 0.774879 0.174721 0.000000 0.000000 100.000000
1025.000000 0.057972 0.733341 0.208687 0.000000 0.000000 100.000000
1127.000000 0.065936 0.684768 0.249296 0.000000 0.000000 100.000000
1240.000000 0.073400 0.629833 0.296767 0.000000 0.000000 100.000000
1364.000000 0.085037 0.568145 0.346818 0.000000 0.000000 100.000000
1500.000000 0.094614 0.504575 0.400811 0.000000 0.000000 100.000000
1650.000000 0.099217 0.436783 0.464000 0.000000 0.000000 100.000000
1815.000000 0.109328 0.366859 0.523813 0.000000 0.000000 100.000000
1996.000000 0.116917 0.303529 0.579554 0.000000 0.000000 100.000000
2196.000000 0.117787 0.257242 0.624971 0.000000 0.000000 100.000000
2415.000000 0.119447 0.231976 0.648577 0.000000 0.000000 100.000000
2657.000000 0.118242 0.222130 0.659628 0.000000 0.000000 100.000000
2922.000000 0.117037 0.220035 0.662928 0.000000 0.000000 100.000000
3215.000000 0.117136 0.220000 0.662864 0.000000 0.000000 100.000000
3536.000000 0.117136 0.220000 0.662864 0.000000 0.000000 100.000000
3889.000000 0.117136 0.220000 0.662864 0.000000 0.000000 100.000000
4278.000000 0.117136 0.220000 0.662864 0.000000 0.000000 100.000000
4706.000000 0.117136 0.220000 0.662864 0.000000 0.000000 100.000000
5177.000000 0.117136 0.220000 0.662864 0.000000 0.000000 100.000000
5694.000000 0.117136 0.220000 0.662864 0.000000 0.000000 100.000000
6264.000000 0.117136 0.220000 0.662864 0.000000 0.000000 100.000000
6890.000000 0.117136 0.220000 0.662864 0.000000 0.000000 100.000000
7579.000000 0.117136 0.220000 0.662864 0.000000 0.000000 100.000000
8337.000000 0.117136 0.220000 0.662864 0.000000 0.000000 100.000000
9170.000000 0.117136 0.220000 0.662864 0.000000 0.000000 100.000000
10087.000000 0.117136 0.220000 0.662864 0.000000 0.000000 100.000000
11096.000000 0.117136 0.220000 0.662864 0.000000 0.000000 100.000000
12206.000000 0.117136 0.220000 0.662864 0.000000 0.000000 100.000000
13426.000000 0.117136 0.220000 0.662864 0.000000 0.000000 100.000000
14769.000000 0.117136 0.220000 0.662864 0.000000 0.000000 100.000000
16246.000000 0.117136 0.220000 0.662864 0.000000 0.000000 100.000000
17870.000000 0.117136 0.220000 0.662864 0.000000 0.000000 100.000000
19657.000000 0.117136 0.220000 0.662864 0.000000 0.000000 100.000000
21623.000000 0.117136 0.220000 0.662864 0.000000 0.000000 100.000000
23785.000000 0.117136 0.220000 0.662864 0.000000 0.000000 100.000000
26163.000000 0.117136 0.220000 0.662864 0.000000 0.000000 100.000000
28780.000000 0.117136 0.220000 0.662864 0.000000 0.000000 100.000000
31658.000000 0.117136 0.220000 0.662864 0.000000 0.000000 100.000000
34823.000000 0.117136 0.220000 0.662864 0.000000 0.000000 100.000000
38306.000000 0.117136 0.220000 0.662864 0.000000 0.000000 100.000000
42136.000000 0.117136 0.220000 0.662864 0.000000 0.000000 100.000000
46350.000000 0.117136 0.220000 0.662864 0.000000 0.000000 100.000000
50985.000000 0.117136 0.220000 0.662864 0.000000 0.000000 100.000000
56083.000000 0.117136 0.220000 0.662864 0.000000 0.000000 100.000000
61691.000000 0.117136 0.220000 0.662864 0.000000 0.000000 100.000000
67860.000000 0.117136 0.220000 0.662864 0.000000 0.000000 100.000000
74646.000000 0.117136 0.220000 0.662864 0.000000 0.000000 100.000000
82111.000000 0.117136 0.220000 0.662864 0.000000 0.000000 100.000000
90322.000000 0.117136 0.220000 0.662864 0.000000 0.000000 100.000000
99354.000000 0.117136 0.220000 0.662864 0.000000 0.000000 100.000000
