0.010000 0.248489 0.500056 0.251456 0.000000 0.000000 9.000000
1.000000 0.248489 0.500056 0.251456 0.000000 0.000000 9.000000
2.000000 0.190444 0.637889 0.171667 0.000000 0.000000 9.000000
3.000000 0.151578 0.725844 0.122578 0.000000 0.000000 9.000000
4.000000 0.122344 0.785378 0.092278 0.000000 0.000000 9.000000
5.000000 0.102656 0.826156 0.071189 0.000000 0.000000 9.000000
6.000000 0.088922 0.854256 0.056822 0.000000 0.000000 9.000000
7.000000 0.078578 0.872656 0.048767 0.000000 0.000000 9.000000
8.000000 0.070311 0.887078 0.042611 0.000000 0.000000 9.000000
9.000000 0.064100 0.896889 0.039011 0.000000 0.000000 9.000000
10.000000 0.060022 0.903744 0.036233 0.000000 0.000000 9.000000
11.000000 0.056022 0.909944 0.034033 0.000000 0.000000 9.000000
13.000000 0.050044 0.918800 0.031156 0.000000 0.000000 9.000000
14.000000 0.048078 0.922322 0.029600 0.000000 0.000000 9.000000
16.000000 0.042967 0.929867 0.027167 0.000000 0.000000 9.000000
17.000000 0.041467 0.931856 0.026678 0.000000 0.000000 9.000000
19.000000 0.037967 0.935711 0.026322 0.000000 0.000000 9.000000
21.000000 0.034233 0.939833 0.025933 0.000000 0.000000 9.000000
23.000000 0.031633 0.943078 0.025289 0.000000 0.000000 9.000000
25.000000 0.028833 0.946000 0.025167 0.000000 0.000000 9.000000
28.000000 0.026011 0.949522 0.024467 0.000000 0.000000 9.000000
31.000000 0.023067 0.952367 0.024567 0.000000 0.000000 9.000000
34.000000 0.020278 0.955600 0.024122 0.000000 0.000000 9.000000
37.000000 0.018667 0.957144 0.024189 0.000000 0.000000 9.000000
41.000000 0.016967 0.958789 0.024244 0.000000 0.000000 9.000000
45.000000 0.014400 0.960844 0.024756 0.000000 0.000000 9.000000
49.000000 0.012311 0.964111 0.023578 0.000000 0.000000 9.000000
54.000000 0.010311 0.966156 0.023533 0.000000 0.000000 9.000000
59.000000 0.007633 0.968356 0.024011 0.000000 0.000000 9.000000
65.000000 0.005289 0.969911 0.024800 0.000000 0.000000 9.000000
72.000000 0.003911 0.970778 0.025311 0.000000 0.000000 9.000000
79.000000 0.003089 0.969811 0.027100 0.000000 0.000000 9.000000
86.000000 0.002256 0.968200 0.029544 0.000000 0.000000 9.000000
95.000000 0.002000 0.967233 0.030767 0.000000 0.000000 9.000000
104.000000 0.001633 0.966089 0.032278 0.000000 0.000000 9.000000
115.000000 0.000844 0.964378 0.034778 0.000000 0.000000 9.000000
126.000000 0.000767 0.961556 0.037678 0.000000 0.000000 9.000000
139.000000 0.000667 0.958633 0.040700 0.000000 0.000000 9.000000
153.000000 0.000267 0.956256 0.043478 0.000000 0.000000 9.000000
168.000000 0.000300 0.954033 0.045667 0.000000 0.000000 9.000000
185.000000 0.000189 0.950989 0.048822 0.000000 0.000000 9.000000
203.000000 0.000189 0.948411 0.051400 0.000000 0.000000 9.000000
223.000000 0.000000 0.945300 0.054700 0.000000 0.000000 9.000000
246.000000 0.000000 0.941200 0.058800 0.000000 0.000000 9.000000
270.000000 0.000000 0.934144 0.065856 0.000000 0.000000 9.000000
297.000000 0.000000 0.925778 0.074222 0.000000 0.000000 9.000000
327.000000 0.000000 0.919900 0.080100 0.000000 0.000000 9.000000
359.000000 0.000000 0.913756 0.086244 0.000000 0.000000 9.000000
395.000000 0.000000 0.904689 0.095311 0.000000 0.000000 9.000000
435.000000 0.000000 0.897989 0.102011 0.000000 0.000000 9.000000
478.000000 0.000000 0.890511 0.109489 0.000000 0.000000 9.000000
526.000000 0.000000 0.882000 0.118000 0.000000 0.000000 9.000000
579.000000 0.000000 0.871533 0.128467 0.000000 0.000000 9.000000
636.000000 0.000000 0.857933 0.142067 0.000000 0.000000 9.000000
700.000000 0.000000 0.844622 0.155378 0.000000 0.000000 9.000000
770.000000 0.000000 0.836278 0.163722 0.000000 0.000000 9.000000
847.000000 0.000000 0.825767 0.174233 0.000000 0.000000 9.000000
931.000000 0.000000 0.807967 0.192033 0.000000 0.000000 9.000000
1025.000000 0.000000 0.797689 0.202311 0.000000 0.000000 9.000000
1127.000000 0.000000 0.776011 0.223989 0.000000 0.000000 9.000000
1240.000000 0.000000 0.761511 0.238489 0.000000 0.000000 9.000000
1364.000000 0.000000 0.738500 0.261500 0.000000 0.000000 9.000000
1500.000000 0.000000 0.712544 0.287456 0.000000 0.000000 9.000000
1650.000000 0.000000 0.691789 0.308211 0.000000 0.000000 9.000000
1815.000000 0.000000 0.660656 0.339344 0.000000 0.000000 9.000000
1996.000000 0.000000 0.630000 0.370000 0.000000 0.000000 9.000000
2196.000000 0.000000 0.628500 0.371500 0.000000 0.000000 9.000000
2415.000000 0.000000 0.604322 0.395678 0.000000 0.000000 9.000000
2657.000000 0.000000 0.578744 0.421256 0.000000 0.000000 9.000000
2922.000000 0.000000 0.591978 0.408022 0.000000 0.000000 9.000000
3215.000000 0.000000 0.582978 0.417022 0.000000 0.000000 9.000000
3536.000000 0.000000 0.562156 0.437844 0.000000 0.000000 9.000000
3889.000000 0.000000 0.572978 0.427022 0.000000 0.000000 9.000000
4278.000000 0.000000 0.561911 0.438089 0.000000 0.000000 9.000000
4706.000000 0.000000 0.575800 0.424200 0.000000 0.000000 9.000000
5177.000000 0.000000 0.594056 0.405944 0.000000 0.000000 9.000000
5694.000000 0.000000 0.572422 0.427578 0.000000 0.000000 9.000000
6264.000000 0.000000 0.572856 0.427144 0.000000 0.000000 9.000000
6890.000000 0.000000 0.562922 0.437078 0.000000 0.000000 9.000000
7579.000000 0.000000 0.566556 0.433444 0.000000 0.000000 9.000000
8337.000000 0.000000 0.571889 0.428111 0.000000 0.000000 9.000000
9170.000000 0.000000 0.563078 0.436922 0.000000 0.000000 9.000000
10087.000000 0.000000 0.570089 0.429911 0.000000 0.000000 9.000000
11096.000000 0.000000 0.584211 0.415789 0.000000 0.000000 9.000000
12206.000000 0.000000 0.575622 0.424378 0.000000 0.000000 9.000000
13426.000000 0.000000 0.573667 0.426333 0.000000 0.000000 9.000000
14769.000000 0.000000 0.567500 0.432500 0.000000 0.000000 9.000000
16246.000000 0.000000 0.577378 0.422622 0.000000 0.000000 9.000000
17870.000000 0.000000 0.542989 0.457011 0.000000 0.000000 9.000000
19657.000000 0.000000 0.571700 0.428300 0.000000 0.000000 9.000000
21623.000000 0.000000 0.571100 0.428900 0.000000 0.000000 9.000000
23785.000000 0.000000 0.571500 0.428500 0.000000 0.000000 9.000000
26163.000000 0.000000 0.568133 0.431867 0.000000 0.000000 9.000000
28780.000000 0.000000 0.567622 0.432378 0.000000 0.000000 9.000000
31658.000000 0.000000 0.572867 0.427133 0.000000 0.000000 9.000000
34823.000000 0.000000 0.568344 0.431656 0.000000 0.000000 9.000000
38306.000000 0.000000 0.584956 0.415044 0.000000 0.000000 9.000000
42136.000000 0.000000 0.567533 0.432467 0.000000 0.000000 9.000000
46350.000000 0.000000 0.577933 0.422067 0.000000 0.000000 9.000000
50985.000000 0.000000 0.573544 0.426456 0.000000 0.000000 9.000000
56083.000000 0.000000 0.582256 0.417744 0.000000 0.000000 9.000000
61691.000000 0.000000 0.566578 0.433422 0.000000 0.000000 9.000000
67860.000000 0.000000 0.577544 0.422456 0.000000 0.000000 9.000000
74646.000000 0.000000 0.577289 0.422711 0.000000 0.000000 9.000000
82111.000000 0.000000 0.569200 0.430800 0.000000 0.000000 9.000000
90322.000000 0.000000 0.568400 0.431600 0.000000 0.000000 9.000000
99354.000000 0.000000 0.555967 0.444033 0.000000 0.000000 9.000000
