4.800000 0.000000 0.000000 0.000000 0.000000 0.000000 0.000000 0.000000 0.000000 0.000000 0.000000 0.000000 0.000000 0.000000 0.000000 0.000000 0.000000 0.000000 0.000000 0.000000 0.000000 0.000000 0.000000 0.000000 0.000000 0.000000 0.000000 0.000000 0.000000 0.000000 0.000000 0.000000 0.000000 0.000000 0.000000 17 
4.800000 0.010000 0.000047 0.000000 0.000000 0.000000 0.000000 0.000000 0.000000 0.000000 0.000000 0.000000 0.000000 0.000000 0.000000 0.000000 0.000000 0.000000 0.000000 0.000000 0.000000 0.000000 0.000000 0.000000 0.000000 0.441176 0.000000 0.000000 0.000000 0.000000 0.000000 0.000000 0.000000 0.000000 0.000000 17 
4.800000 0.020000 0.000053 0.000000 0.000000 0.000000 0.000000 0.000000 0.000000 0.000000 0.000000 0.000000 0.000000 0.000000 0.000000 0.000000 0.000000 0.000000 0.000000 0.000000 0.000000 0.000000 0.000000 0.000000 0.000000 0.294118 0.000000 0.000000 0.000000 0.000000 0.000000 0.000000 0.000000 0.000000 0.000000 17 
4.800000 0.030000 0.000076 0.000000 0.000000 0.000000 0.000000 0.000000 0.000000 0.000000 0.000000 0.000000 0.000000 0.000000 0.000000 0.000000 0.000000 0.000000 0.000000 0.000000 0.000000 0.000000 0.000000 0.000000 0.000000 0.705882 0.000000 0.000000 0.000000 0.000000 0.000000 0.000000 0.000000 0.000000 0.000000 17 
4.800000 0.040000 0.000047 0.000000 0.000000 0.000000 0.000000 0.000000 0.000000 0.000000 0.000000 0.000000 0.000000 0.000000 0.000000 0.000000 0.000000 0.000000 0.000000 0.000000 0.000000 0.000000 0.000000 0.000000 0.000000 0.514706 0.000000 0.000000 0.000000 0.000000 0.000000 0.000000 0.000000 0.000000 0.000000 17 
4.800000 0.050000 0.000053 0.000000 0.000000 0.000000 0.000000 0.000000 0.000000 0.000000 0.000000 0.000000 0.000000 0.000000 0.000000 0.000000 0.000000 0.000000 0.000000 0.000000 0.000000 0.000000 0.000000 0.000000 0.000000 0.558824 0.000000 0.000000 0.000000 0.000000 0.000000 0.000000 0.000000 0.000000 0.000000 17 
4.800000 0.060000 0.000059 0.000000 0.000000 0.000000 0.000000 0.000000 0.000000 0.000000 0.000000 0.000000 0.000000 0.000000 0.000000 0.000000 0.000000 0.000000 0.000000 0.000000 0.000000 0.000000 0.000000 0.000000 0.000000 0.558824 0.000000 0.000000 0.000000 0.000000 0.000000 0.000000 0.000000 0.000000 0.000000 17 
4.800000 0.070000 0.000047 0.000000 0.000000 0.000000 0.000000 0.000000 0.000000 0.000000 0.000000 0.000000 0.000000 0.000000 0.000000 0.000000 0.000000 0.000000 0.000000 0.000000 0.000000 0.000000 0.000000 0.000000 0.000000 0.573529 0.000000 0.000000 0.000000 0.000000 0.000000 0.000000 0.000000 0.000000 0.000000 17 
4.800000 0.080000 0.002684 0.022869 0.041899 0.054890 0.056116 4.470588 27.911765 79.794118 105.926471 45.676471 95.558824 101.102941 35.441176 5.647059 0.455882 0.294118 5.955882 37.308824 102.250000 96.852941 45.014706 104.617647 81.058824 28.691176 4.602941 6.191176 30.088235 0.250000 0.000000 29.897059 6.411765 0.000000 0.176471 17 
4.800000 0.090000 0.003524 0.031193 0.060119 0.081007 0.087382 6.000000 41.485294 119.191176 147.470588 61.529412 140.470588 143.985294 49.191176 7.558824 0.264706 0.485294 7.132353 47.911765 144.941176 143.191176 60.588235 151.720588 117.235294 42.294118 6.705882 8.544118 45.485294 0.294118 0.000000 45.411765 7.426471 0.000000 0.220588 17 
4.800000 0.100000 0.003693 0.036015 0.071000 0.098024 0.105860 8.000000 48.573529 143.544118 177.058824 67.191176 169.911765 169.470588 52.544118 7.073529 0.323529 0.250000 7.382353 52.132353 168.882353 171.191176 69.338235 175.191176 145.102941 50.970588 7.823529 8.382353 52.058824 0.279412 0.014706 53.544118 7.941176 0.014706 0.470588 17 
4.800000 0.110000 0.003871 0.038231 0.077282 0.109807 0.122174 9.044118 58.147059 160.779412 186.191176 69.602941 192.941176 180.632353 52.985294 6.573529 0.382353 0.352941 6.720588 52.000000 182.088235 190.441176 69.750000 188.691176 159.514706 56.926471 8.485294 7.514706 61.191176 0.205882 0.014706 60.205882 7.352941 0.000000 0.485294 17 
4.800000 0.120000 0.003921 0.039572 0.080535 0.117510 0.131828 9.485294 62.044118 171.161765 199.397059 66.661765 208.382353 188.485294 51.867647 5.676471 0.132353 0.191176 6.205882 50.073529 190.235294 206.044118 67.102941 196.367647 171.352941 62.279412 9.544118 6.691176 65.691176 0.382353 0.014706 65.514706 6.514706 0.000000 0.323529 17 
4.800000 0.130000 0.004100 0.041372 0.086997 0.129157 0.148512 9.852941 67.647059 194.647059 211.955882 66.911765 226.205882 200.970588 51.764706 5.647059 0.220588 0.235294 5.455882 52.735294 203.470588 221.588235 68.617647 212.838235 188.970588 67.102941 9.382353 6.544118 70.058824 0.441176 0.000000 70.602941 5.970588 0.029412 0.470588 17 
4.800000 0.140000 0.003832 0.042554 0.089881 0.135687 0.156766 10.264706 73.029412 203.308824 222.250000 65.250000 236.308824 208.147059 48.220588 4.764706 0.132353 0.397059 4.970588 48.367647 207.985294 239.014706 66.161765 218.661765 199.073529 73.044118 11.132353 5.602941 76.352941 0.397059 0.000000 73.308824 5.661765 0.000000 0.676471 17 
4.800000 0.150000 0.004031 0.042818 0.092621 0.140544 0.162569 11.794118 74.117647 209.647059 224.632353 64.205882 244.602941 210.470588 46.955882 3.441176 0.102941 0.220588 4.308824 45.794118 209.970588 246.955882 63.338235 224.352941 206.941176 74.294118 11.926471 4.882353 80.088235 0.426471 0.000000 79.573529 4.367647 0.000000 0.426471 17 
4.800000 0.160000 0.003901 0.043897 0.094451 0.144338 0.168074 11.352941 79.617647 219.073529 228.470588 59.382353 255.073529 212.294118 43.882353 3.441176 0.058824 0.191176 3.852941 44.411765 215.191176 256.882353 59.705882 230.573529 215.014706 79.205882 11.294118 4.058824 79.382353 0.323529 0.000000 80.588235 4.058824 0.000000 0.500000 17 
4.800000 0.170000 0.003896 0.043729 0.095812 0.148838 0.175774 11.529412 84.250000 226.911765 232.852941 57.544118 263.661765 215.882353 39.558824 3.044118 0.117647 0.073529 2.897059 41.073529 216.485294 263.264706 55.382353 231.191176 223.058824 80.647059 12.352941 3.367647 84.779412 0.411765 0.000000 83.838235 3.000000 0.000000 0.544118 17 
4.800000 0.180000 0.003684 0.043575 0.097291 0.153787 0.184300 13.264706 84.705882 230.897059 238.000000 52.235294 273.852941 217.323529 37.485294 2.470588 0.029412 0.058824 2.514706 37.264706 216.102941 271.808824 51.735294 232.058824 233.647059 81.926471 12.264706 2.735294 86.661765 0.323529 0.000000 87.485294 2.955882 0.000000 0.573529 17 
4.800000 0.190000 0.003556 0.044116 0.100096 0.157346 0.184282 12.426471 87.235294 240.735294 239.808824 47.823529 280.529412 220.735294 34.926471 2.117647 0.044118 0.029412 2.382353 36.191176 219.897059 279.308824 50.294118 238.750000 241.294118 86.367647 13.352941 2.411765 87.529412 0.441176 0.000000 88.161765 2.661765 0.000000 0.323529 17 
4.800000 0.200000 0.003593 0.044601 0.100813 0.159440 0.190537 12.323529 89.088235 247.926471 242.941176 46.102941 286.735294 221.720588 33.764706 1.808824 0.073529 0.044118 1.720588 33.514706 225.382353 287.029412 45.117647 247.073529 246.426471 88.088235 11.985294 1.970588 90.161765 0.500000 0.000000 87.058824 2.147059 0.000000 0.573529 17 
4.800000 0.210000 0.003518 0.044454 0.100807 0.160919 0.193387 13.338235 89.205882 250.411765 241.691176 42.852941 293.352941 222.720588 30.485294 1.352941 0.014706 0.044118 1.308824 31.661765 223.147059 291.632353 42.852941 242.220588 248.764706 89.279412 12.985294 1.411765 89.220588 0.411765 0.000000 89.750000 1.794118 0.000000 0.382353 17 
4.800000 0.220000 0.003410 0.044610 0.102474 0.162299 0.194721 14.264706 88.926471 250.941176 244.367647 39.588235 297.279412 224.779412 27.470588 1.029412 0.029412 0.058824 1.073529 28.338235 223.573529 298.661765 39.176471 245.073529 255.647059 92.147059 12.926471 1.352941 90.088235 0.411765 0.000000 90.191176 1.470588 0.000000 0.485294 17 
4.800000 0.230000 0.003346 0.044668 0.102754 0.165171 0.198690 12.794118 91.352941 259.750000 245.073529 37.250000 302.852941 222.352941 25.852941 0.941176 0.000000 0.029412 0.926471 26.617647 224.705882 300.544118 35.985294 248.176471 259.382353 91.794118 13.588235 1.132353 92.838235 0.455882 0.000000 93.558824 1.338235 0.000000 0.573529 17 
4.800000 0.240000 0.003346 0.044853 0.103429 0.167600 0.202850 13.176471 90.220588 263.823529 248.647059 33.985294 310.264706 223.014706 24.647059 0.838235 0.000000 0.014706 0.867647 24.161765 223.500000 309.455882 33.985294 247.779412 263.323529 90.676471 14.191176 1.205882 93.750000 0.573529 0.000000 92.044118 0.691176 0.000000 0.485294 17 
4.800000 0.250000 0.003244 0.044332 0.104546 0.169506 0.204565 13.411765 93.338235 268.220588 251.661765 31.205882 315.147059 226.838235 22.000000 0.514706 0.000000 0.014706 0.735294 22.338235 224.661765 314.941176 30.529412 247.367647 264.882353 92.764706 14.161765 0.735294 93.029412 0.529412 0.000000 96.632353 0.779412 0.000000 0.500000 17 
4.800000 0.260000 0.003369 0.044440 0.104738 0.169904 0.206685 14.014706 93.382353 268.250000 250.735294 28.617647 316.161765 223.617647 20.485294 0.529412 0.000000 0.000000 0.470588 19.676471 227.044118 319.000000 28.808824 249.808824 265.838235 94.000000 13.897059 0.779412 93.720588 0.352941 0.000000 92.514706 0.500000 0.000000 0.558824 17 
4.800000 0.270000 0.003222 0.044762 0.105524 0.170106 0.206266 13.485294 95.147059 275.132353 250.750000 27.235294 321.602941 225.485294 18.558824 0.264706 0.000000 0.000000 0.514706 17.852941 226.897059 321.661765 26.764706 252.705882 272.897059 94.852941 14.500000 0.691176 93.941176 0.500000 0.000000 93.176471 0.676471 0.000000 0.485294 17 
4.800000 0.280000 0.003099 0.044751 0.105285 0.171619 0.210179 13.632353 94.852941 274.367647 251.647059 25.588235 322.529412 225.779412 16.661765 0.323529 0.014706 0.000000 0.455882 16.794118 226.029412 329.897059 25.764706 254.720588 273.794118 95.661765 13.985294 0.441176 95.044118 0.455882 0.000000 96.970588 0.338235 0.000000 0.470588 17 
4.800000 0.290000 0.003253 0.044718 0.105969 0.173100 0.211746 13.573529 94.735294 277.397059 252.102941 23.794118 326.088235 226.294118 15.411765 0.382353 0.000000 0.000000 0.294118 15.117647 224.235294 325.014706 22.544118 251.044118 280.705882 97.838235 13.529412 0.294118 97.058824 0.485294 0.000000 95.970588 0.397059 0.000000 0.455882 17 
4.800000 0.300000 0.003263 0.044826 0.106124 0.173085 0.211590 13.705882 95.014706 275.750000 254.176471 21.397059 330.529412 226.750000 12.544118 0.264706 0.000000 0.000000 0.323529 13.735294 226.911765 328.544118 20.411765 251.750000 275.323529 94.485294 13.897059 0.264706 97.823529 0.588235 0.000000 95.323529 0.367647 0.000000 0.514706 17 
4.800000 0.310000 0.003247 0.045079 0.106615 0.174815 0.212653 14.338235 95.676471 284.264706 255.191176 19.102941 332.323529 223.161765 12.750000 0.102941 0.000000 0.000000 0.235294 12.647059 223.529412 330.882353 20.191176 250.088235 285.514706 99.941176 14.000000 0.279412 98.235294 0.470588 0.000000 98.176471 0.264706 0.000000 0.441176 17 
4.800000 0.320000 0.003212 0.044809 0.107637 0.176218 0.212621 14.176471 97.088235 288.911765 256.470588 19.044118 333.352941 222.485294 11.941176 0.161765 0.000000 0.000000 0.161765 12.147059 223.970588 335.661765 17.661765 253.411765 287.235294 99.367647 14.838235 0.220588 96.720588 0.382353 0.000000 96.970588 0.279412 0.000000 0.500000 17 
4.800000 0.330000 0.003037 0.044690 0.106906 0.174237 0.213219 14.794118 99.029412 286.882353 255.514706 16.764706 338.514706 217.985294 9.308824 0.161765 0.000000 0.000000 0.147059 10.558824 220.338235 333.102941 15.867647 257.514706 282.558824 98.426471 13.264706 0.250000 97.279412 0.500000 0.000000 97.676471 0.235294 0.000000 0.617647 17 
4.800000 0.340000 0.003032 0.044972 0.106818 0.174960 0.214859 13.750000 98.573529 285.441176 254.235294 14.941176 338.926471 225.308824 9.338235 0.073529 0.000000 0.000000 0.058824 9.455882 219.926471 340.161765 15.279412 252.794118 288.985294 98.044118 13.705882 0.073529 98.720588 0.514706 0.000000 98.250000 0.235294 0.000000 0.529412 17 
4.800000 0.350000 0.002915 0.044588 0.107582 0.176218 0.216491 13.867647 95.558824 282.441176 254.617647 14.088235 339.970588 224.852941 9.000000 0.132353 0.000000 0.000000 0.044118 8.735294 225.514706 338.779412 12.955882 257.367647 285.441176 99.411765 14.132353 0.102941 97.279412 0.382353 0.000000 98.279412 0.088235 0.000000 0.352941 17 
4.800000 0.360000 0.003012 0.044754 0.107629 0.175799 0.215079 13.147059 98.897059 290.161765 256.441176 12.411765 341.602941 226.205882 7.970588 0.102941 0.000000 0.000000 0.088235 8.691176 221.279412 346.191176 12.617647 255.323529 287.602941 98.044118 13.941176 0.161765 99.823529 0.441176 0.000000 98.705882 0.073529 0.000000 0.294118 17 
4.800000 0.370000 0.002969 0.045324 0.107910 0.175997 0.213672 13.911765 97.382353 290.794118 263.352941 10.911765 338.823529 222.058824 6.970588 0.029412 0.014706 0.000000 0.073529 7.544118 222.176471 345.308824 11.411765 258.205882 291.455882 97.279412 14.911765 0.102941 101.264706 0.367647 0.000000 100.397059 0.029412 0.000000 0.647059 17 
4.800000 0.380000 0.003062 0.044935 0.107479 0.176021 0.215201 14.338235 98.014706 293.941176 258.014706 10.750000 341.558824 224.720588 6.544118 0.073529 0.000000 0.000000 0.029412 6.088235 221.132353 344.455882 10.117647 261.352941 286.985294 100.882353 13.897059 0.073529 99.926471 0.367647 0.000000 100.441176 0.058824 0.000000 0.470588 17 
4.800000 0.390000 0.003115 0.045450 0.108213 0.175200 0.210610 13.735294 98.000000 292.779412 260.161765 9.235294 350.073529 221.970588 5.911765 0.073529 0.000000 0.000000 0.014706 5.676471 221.558824 349.955882 9.764706 257.970588 294.441176 98.073529 13.661765 0.029412 100.088235 0.308824 0.000000 99.926471 0.088235 0.000000 0.382353 17 
4.800000 0.400000 0.002981 0.045106 0.107853 0.176215 0.213328 13.500000 97.794118 296.073529 259.397059 8.058824 347.352941 221.617647 5.191176 0.088235 0.000000 0.000000 0.000000 5.279412 222.720588 346.808824 8.529412 259.514706 292.808824 98.882353 13.808824 0.014706 99.514706 0.426471 0.000000 100.338235 0.044118 0.000000 0.573529 17 
4.800000 0.410000 0.002950 0.045487 0.108322 0.176284 0.212566 14.397059 96.985294 296.661765 262.735294 8.397059 348.470588 216.426471 4.867647 0.014706 0.000000 0.000000 0.044118 4.882353 220.970588 348.852941 8.117647 260.911765 293.147059 98.470588 13.808824 0.058824 99.073529 0.485294 0.000000 102.882353 0.058824 0.000000 0.338235 17 
4.800000 0.420000 0.002879 0.044934 0.108657 0.176234 0.214621 14.191176 99.705882 292.352941 255.897059 7.411765 349.426471 224.102941 4.470588 0.029412 0.000000 0.000000 0.014706 4.558824 222.470588 349.014706 7.426471 260.779412 295.161765 98.000000 13.058824 0.058824 100.823529 0.544118 0.000000 98.852941 0.044118 0.000000 0.602941 17 
4.800000 0.430000 0.002972 0.045297 0.108384 0.176135 0.212815 14.029412 98.941176 291.088235 261.250000 6.647059 352.426471 223.691176 3.838235 0.029412 0.000000 0.000000 0.000000 4.000000 217.191176 351.632353 6.823529 261.852941 295.838235 98.823529 14.000000 0.014706 101.750000 0.411765 0.000000 101.235294 0.000000 0.000000 0.602941 17 
4.800000 0.440000 0.002912 0.045379 0.108243 0.175771 0.212534 14.205882 99.191176 291.852941 261.764706 6.588235 354.676471 218.367647 3.647059 0.000000 0.000000 0.000000 0.014706 3.338235 218.426471 353.691176 6.220588 263.661765 296.485294 96.985294 14.132353 0.014706 98.764706 0.411765 0.000000 100.411765 0.029412 0.000000 0.250000 17 
4.800000 0.450000 0.002947 0.045465 0.108332 0.175306 0.210415 13.647059 99.205882 298.926471 261.676471 5.647059 350.911765 220.720588 3.455882 0.029412 0.000000 0.000000 0.014706 3.205882 219.102941 353.044118 5.220588 261.308824 295.617647 98.352941 13.852941 0.029412 100.676471 0.397059 0.000000 100.514706 0.044118 0.000000 0.661765 17 
4.800000 0.460000 0.002922 0.045575 0.108491 0.175140 0.211526 13.279412 98.279412 293.294118 263.514706 5.014706 353.514706 219.073529 2.779412 0.014706 0.000000 0.000000 0.014706 3.044118 218.955882 352.985294 4.911765 261.838235 295.485294 96.588235 13.632353 0.029412 100.573529 0.411765 0.000000 99.191176 0.000000 0.000000 0.308824 17 
4.800000 0.470000 0.002982 0.045944 0.108225 0.176132 0.208900 13.941176 99.220588 296.647059 264.426471 4.573529 354.338235 217.985294 2.617647 0.000000 0.000000 0.000000 0.014706 2.573529 217.264706 354.044118 4.294118 265.264706 295.882353 99.852941 13.941176 0.014706 100.955882 0.397059 0.000000 102.191176 0.000000 0.000000 0.500000 17 
4.800000 0.480000 0.002918 0.045159 0.108556 0.176065 0.213338 13.838235 98.044118 295.529412 262.955882 4.250000 354.044118 216.852941 2.426471 0.014706 0.000000 0.000000 0.000000 2.279412 220.397059 351.426471 4.514706 261.941176 295.279412 100.352941 13.764706 0.000000 100.426471 0.426471 0.000000 100.382353 0.014706 0.000000 0.676471 17 
4.800000 0.490000 0.002778 0.045940 0.108810 0.176054 0.211262 13.661765 99.529412 294.588235 262.764706 3.911765 356.250000 214.191176 2.161765 0.000000 0.000000 0.000000 0.000000 2.102941 222.397059 359.470588 3.750000 267.338235 298.882353 99.117647 14.176471 0.000000 101.632353 0.308824 0.000000 101.926471 0.029412 0.000000 0.529412 17 
4.800000 0.500000 0.002844 0.045625 0.108001 0.174131 0.208290 14.132353 96.705882 292.852941 262.897059 3.808824 353.911765 216.279412 2.029412 0.000000 0.000000 0.000000 0.000000 1.808824 217.750000 354.088235 3.161765 265.338235 291.897059 96.794118 14.058824 0.014706 102.294118 0.264706 0.000000 102.088235 0.000000 0.000000 0.411765 17 
4.800000 0.510000 0.002847 0.045557 0.108009 0.174684 0.207807 13.602941 96.955882 292.058824 263.147059 3.352941 354.764706 217.308824 1.735294 0.014706 0.000000 0.000000 0.014706 1.823529 213.838235 354.088235 3.102941 263.205882 292.691176 97.470588 14.000000 0.000000 100.102941 0.382353 0.000000 103.955882 0.029412 0.000000 0.367647 17 
4.800000 0.520000 0.002915 0.045451 0.107776 0.174046 0.209759 13.808824 97.073529 289.794118 264.617647 2.794118 355.147059 215.161765 1.632353 0.000000 0.000000 0.000000 0.014706 1.470588 214.323529 354.000000 3.014706 269.823529 290.485294 98.382353 13.852941 0.014706 101.911765 0.514706 0.000000 100.808824 0.000000 0.000000 0.455882 17 
4.800000 0.530000 0.002846 0.045441 0.108388 0.173726 0.208044 13.794118 98.132353 293.867647 265.588235 2.617647 351.617647 214.573529 1.338235 0.000000 0.000000 0.000000 0.014706 1.338235 218.117647 355.852941 2.720588 264.955882 291.279412 98.323529 13.117647 0.000000 101.544118 0.514706 0.000000 104.397059 0.014706 0.000000 0.602941 17 
4.800000 0.540000 0.002856 0.046297 0.107703 0.173788 0.206254 13.500000 97.926471 293.794118 264.779412 2.632353 354.838235 215.441176 1.191176 0.000000 0.000000 0.000000 0.000000 1.220588 211.014706 356.220588 2.602941 272.882353 291.500000 98.779412 13.264706 0.000000 100.897059 0.382353 0.000000 101.500000 0.029412 0.000000 0.558824 17 
4.800000 0.550000 0.002859 0.046000 0.108390 0.172721 0.205374 13.926471 96.470588 291.352941 266.529412 1.941176 354.014706 214.617647 1.294118 0.000000 0.000000 0.000000 0.000000 1.279412 213.823529 359.735294 2.294118 268.382353 296.941176 97.485294 13.529412 0.000000 102.823529 0.367647 0.000000 101.911765 0.000000 0.000000 0.470588 17 
4.800000 0.560000 0.003050 0.045894 0.108660 0.171779 0.203704 13.073529 96.367647 294.514706 265.970588 2.102941 353.588235 212.161765 1.161765 0.000000 0.000000 0.000000 0.000000 1.367647 213.602941 355.132353 2.102941 265.500000 294.367647 97.294118 13.544118 0.000000 102.117647 0.588235 0.000000 105.544118 0.000000 0.000000 0.308824 17 
4.800000 0.570000 0.003046 0.046437 0.107737 0.171599 0.201543 13.544118 95.250000 296.338235 268.308824 1.705882 356.558824 209.044118 1.132353 0.000000 0.000000 0.000000 0.000000 1.205882 211.882353 359.235294 1.867647 264.705882 291.470588 94.808824 13.852941 0.000000 105.617647 0.470588 0.000000 103.176471 0.000000 0.000000 0.470588 17 
4.800000 0.580000 0.002978 0.046804 0.107335 0.172072 0.201647 13.514706 95.411765 294.102941 267.250000 1.294118 357.367647 216.058824 0.911765 0.000000 0.000000 0.000000 0.000000 0.897059 213.632353 354.294118 1.750000 263.867647 295.397059 96.852941 13.955882 0.000000 104.058824 0.411765 0.000000 102.882353 0.000000 0.000000 0.397059 17 
4.800000 0.590000 0.003003 0.046501 0.107613 0.171149 0.201034 13.602941 94.044118 289.455882 266.941176 1.705882 357.676471 210.426471 0.750000 0.000000 0.000000 0.000000 0.000000 0.691176 210.397059 355.926471 1.367647 266.161765 286.470588 96.647059 13.102941 0.014706 103.264706 0.455882 0.000000 103.691176 0.000000 0.000000 0.441176 17 
4.800000 0.600000 0.002994 0.046306 0.107187 0.170462 0.199434 12.897059 95.279412 294.485294 270.470588 1.294118 356.455882 211.352941 0.617647 0.000000 0.000000 0.000000 0.000000 0.882353 208.323529 355.411765 1.279412 264.720588 296.117647 95.911765 13.102941 0.000000 102.073529 0.367647 0.000000 102.573529 0.000000 0.000000 0.455882 17 
4.800000 0.610000 0.003058 0.046548 0.107694 0.170492 0.198195 12.468750 95.562500 294.187500 266.234375 1.406250 358.437500 210.859375 0.656250 0.000000 0.000000 0.000000 0.000000 0.750000 210.046875 353.500000 1.234375 269.796875 296.718750 96.265625 13.265625 0.000000 103.406250 0.406250 0.000000 101.437500 0.015625 0.000000 0.343750 16 
4.800000 0.620000 0.003147 0.046723 0.106972 0.168577 0.195367 13.296875 94.828125 288.187500 268.796875 1.156250 354.843750 212.343750 0.484375 0.000000 0.000000 0.000000 0.000000 0.546875 208.921875 360.312500 1.437500 269.468750 291.718750 95.750000 13.609375 0.000000 102.890625 0.484375 0.000000 100.171875 0.000000 0.000000 0.359375 16 
4.800000 0.630000 0.002969 0.046897 0.106792 0.169447 0.198014 13.203125 95.359375 292.515625 270.703125 1.390625 359.421875 206.390625 0.562500 0.000000 0.000000 0.000000 0.000000 0.671875 207.859375 357.890625 1.140625 268.796875 284.671875 94.437500 12.281250 0.000000 103.062500 0.312500 0.000000 101.640625 0.000000 0.000000 0.625000 16 
4.800000 0.640000 0.002945 0.046794 0.107055 0.168831 0.195275 12.796875 94.687500 291.343750 265.906250 1.046875 357.515625 209.953125 0.593750 0.000000 0.000000 0.000000 0.000000 0.640625 209.218750 361.187500 0.953125 271.578125 291.140625 95.578125 13.171875 0.000000 101.390625 0.375000 0.000000 104.265625 0.000000 0.000000 0.421875 16 
4.800000 0.650000 0.002964 0.046908 0.106909 0.167923 0.192513 13.421875 94.625000 289.953125 267.484375 0.906250 356.593750 204.265625 0.375000 0.000000 0.000000 0.000000 0.000000 0.515625 205.156250 356.843750 0.828125 269.500000 287.546875 94.828125 13.171875 0.000000 102.953125 0.421875 0.000000 105.500000 0.000000 0.000000 0.437500 16 
4.800000 0.660000 0.003028 0.046830 0.106845 0.168030 0.191811 13.343750 92.828125 287.656250 268.984375 1.000000 362.109375 208.203125 0.546875 0.000000 0.000000 0.000000 0.000000 0.328125 204.703125 352.187500 1.000000 267.031250 293.265625 94.843750 13.109375 0.000000 102.390625 0.437500 0.000000 104.125000 0.000000 0.000000 0.453125 16 
4.800000 0.670000 0.002973 0.047597 0.107119 0.166931 0.190266 12.937500 95.578125 290.859375 268.437500 0.578125 357.718750 207.828125 0.390625 0.000000 0.000000 0.000000 0.000000 0.437500 206.093750 356.750000 0.609375 269.093750 289.781250 93.953125 12.109375 0.000000 106.156250 0.359375 0.000000 105.734375 0.000000 0.000000 0.437500 16 
4.800000 0.680000 0.003098 0.046705 0.105694 0.166902 0.192689 12.671875 92.078125 287.531250 269.843750 0.593750 356.234375 204.421875 0.328125 0.000000 0.000000 0.000000 0.000000 0.281250 205.906250 355.046875 0.484375 266.406250 288.453125 91.937500 12.546875 0.000000 104.203125 0.250000 0.000000 104.718750 0.000000 0.000000 0.453125 16 
4.800000 0.690000 0.003053 0.046708 0.106087 0.166317 0.191558 12.312500 93.406250 288.171875 271.687500 0.640625 357.390625 205.984375 0.203125 0.000000 0.000000 0.000000 0.000000 0.375000 207.671875 357.109375 0.515625 272.062500 290.781250 93.593750 12.531250 0.000000 101.609375 0.343750 0.000000 101.546875 0.000000 0.000000 0.515625 16 
4.800000 0.700000 0.003075 0.046667 0.106150 0.166555 0.189314 12.640625 92.781250 287.671875 267.921875 0.500000 358.171875 202.515625 0.250000 0.000000 0.000000 0.000000 0.000000 0.250000 200.375000 357.062500 0.546875 266.265625 286.656250 95.046875 12.359375 0.000000 101.796875 0.453125 0.000000 103.062500 0.000000 0.000000 0.343750 16 
4.800000 0.710000 0.003030 0.047263 0.105261 0.164831 0.187505 12.875000 92.765625 288.937500 268.265625 0.765625 354.250000 203.843750 0.312500 0.000000 0.000000 0.000000 0.000000 0.312500 201.640625 353.078125 0.437500 267.875000 287.640625 94.968750 13.250000 0.000000 103.281250 0.312500 0.000000 105.328125 0.000000 0.000000 0.390625 16 
4.800000 0.720000 0.003164 0.046914 0.105569 0.165464 0.189031 13.000000 91.062500 287.046875 269.515625 0.390625 359.609375 205.062500 0.156250 0.000000 0.000000 0.000000 0.000000 0.265625 203.156250 357.265625 0.484375 269.890625 284.718750 94.765625 12.656250 0.000000 105.859375 0.312500 0.000000 104.328125 0.000000 0.000000 0.453125 16 
4.800000 0.730000 0.003089 0.046591 0.105408 0.164863 0.185719 12.421875 90.796875 287.734375 269.125000 0.343750 352.609375 203.359375 0.234375 0.000000 0.000000 0.000000 0.000000 0.171875 205.125000 351.343750 0.625000 271.468750 285.921875 93.359375 12.468750 0.000000 103.281250 0.343750 0.000000 104.781250 0.000000 0.000000 0.421875 16 
4.800000 0.740000 0.003148 0.048023 0.103945 0.162186 0.183406 13.078125 91.156250 286.718750 269.359375 0.406250 358.093750 201.953125 0.218750 0.000000 0.000000 0.000000 0.000000 0.125000 197.859375 352.953125 0.437500 265.281250 283.593750 93.125000 12.609375 0.000000 105.421875 0.468750 0.000000 101.328125 0.000000 0.000000 0.390625 16 
4.800000 0.750000 0.003031 0.047759 0.104789 0.163947 0.185567 12.781250 90.406250 288.906250 270.875000 0.343750 357.125000 201.031250 0.171875 0.000000 0.000000 0.000000 0.000000 0.187500 204.015625 356.328125 0.296875 268.593750 285.328125 93.000000 12.515625 0.000000 104.140625 0.468750 0.000000 103.671875 0.000000 0.000000 0.390625 16 
4.800000 0.760000 0.003097 0.047478 0.104394 0.162600 0.183311 11.906250 91.203125 285.312500 269.843750 0.343750 352.859375 198.625000 0.140625 0.000000 0.000000 0.000000 0.000000 0.203125 197.968750 353.484375 0.187500 266.703125 284.562500 92.718750 11.500000 0.000000 105.718750 0.359375 0.000000 103.890625 0.000000 0.000000 0.406250 16 
4.800000 0.770000 0.003016 0.047358 0.104602 0.162480 0.181320 12.500000 91.984375 285.187500 266.625000 0.296875 357.593750 199.906250 0.156250 0.000000 0.000000 0.000000 0.000000 0.093750 198.812500 359.281250 0.312500 269.187500 284.562500 90.234375 12.578125 0.000000 103.828125 0.453125 0.000000 103.781250 0.000000 0.000000 0.578125 16 
4.800000 0.780000 0.003075 0.047420 0.104836 0.161933 0.179827 12.203125 90.375000 281.281250 273.328125 0.203125 357.890625 198.562500 0.125000 0.000000 0.000000 0.000000 0.000000 0.078125 195.984375 356.796875 0.328125 268.078125 282.218750 90.375000 12.390625 0.000000 105.734375 0.328125 0.000000 102.234375 0.000000 0.000000 0.312500 16 
4.800000 0.790000 0.003114 0.047436 0.103597 0.161330 0.179994 11.609375 90.843750 280.375000 269.734375 0.218750 352.671875 197.156250 0.140625 0.000000 0.000000 0.000000 0.000000 0.078125 198.015625 353.718750 0.250000 271.234375 280.468750 88.375000 12.500000 0.000000 104.078125 0.359375 0.000000 105.546875 0.000000 0.000000 0.593750 16 
4.800000 0.800000 0.003114 0.047761 0.102700 0.161455 0.178694 11.953125 90.500000 282.796875 266.937500 0.234375 356.156250 195.578125 0.093750 0.000000 0.000000 0.000000 0.000000 0.062500 198.968750 355.312500 0.187500 268.390625 280.109375 89.250000 12.390625 0.000000 104.031250 0.375000 0.000000 106.703125 0.000000 0.000000 0.484375 16 
4.800000 0.810000 0.003128 0.047786 0.104520 0.160014 0.178988 12.062500 91.765625 284.843750 272.281250 0.203125 353.890625 197.906250 0.031250 0.000000 0.000000 0.000000 0.000000 0.109375 194.312500 348.390625 0.171875 275.359375 282.343750 89.656250 13.093750 0.000000 103.765625 0.390625 0.000000 104.562500 0.000000 0.000000 0.468750 16 
4.800000 0.820000 0.003041 0.047350 0.103741 0.160116 0.178419 12.187500 87.984375 280.515625 268.265625 0.250000 354.281250 197.171875 0.046875 0.000000 0.000000 0.000000 0.000000 0.078125 192.796875 353.671875 0.218750 270.171875 277.546875 88.562500 11.796875 0.000000 104.218750 0.484375 0.000000 102.968750 0.000000 0.000000 0.421875 16 
4.800000 0.830000 0.003148 0.048089 0.103222 0.158520 0.172692 12.593750 87.015625 282.218750 274.515625 0.203125 353.390625 196.109375 0.078125 0.000000 0.000000 0.000000 0.000000 0.046875 193.765625 356.968750 0.171875 271.546875 279.328125 88.609375 11.156250 0.000000 104.500000 0.453125 0.000000 104.859375 0.000000 0.000000 0.406250 16 
4.800000 0.840000 0.003191 0.047339 0.102319 0.157436 0.173697 11.421875 87.109375 274.796875 268.656250 0.046875 352.781250 191.468750 0.093750 0.000000 0.000000 0.000000 0.000000 0.078125 192.734375 348.218750 0.109375 270.640625 274.875000 87.921875 12.046875 0.000000 103.218750 0.296875 0.000000 104.218750 0.000000 0.000000 0.453125 16 
4.800000 0.850000 0.003089 0.047362 0.103059 0.158712 0.173494 11.703125 86.656250 277.671875 269.718750 0.218750 350.171875 193.875000 0.062500 0.000000 0.000000 0.000000 0.000000 0.046875 192.578125 352.953125 0.078125 270.906250 273.875000 86.312500 11.937500 0.000000 102.578125 0.453125 0.000000 104.203125 0.000000 0.000000 0.515625 16 
4.800000 0.860000 0.003128 0.047408 0.103263 0.156755 0.173747 11.515625 86.718750 277.921875 270.937500 0.218750 349.250000 190.203125 0.046875 0.000000 0.000000 0.000000 0.000000 0.046875 193.906250 349.671875 0.093750 269.593750 277.843750 85.750000 11.593750 0.000000 103.843750 0.375000 0.000000 102.937500 0.000000 0.000000 0.328125 16 
4.800000 0.870000 0.003252 0.047964 0.102398 0.156630 0.170073 10.906250 86.234375 275.546875 269.671875 0.140625 355.843750 193.578125 0.046875 0.000000 0.000000 0.000000 0.000000 0.046875 191.781250 349.718750 0.125000 271.437500 273.796875 86.453125 11.468750 0.000000 101.562500 0.406250 0.000000 104.843750 0.000000 0.000000 0.421875 16 
4.800000 0.880000 0.003136 0.047834 0.102231 0.156034 0.171055 11.171875 86.781250 275.312500 273.000000 0.093750 349.203125 192.593750 0.062500 0.000000 0.000000 0.000000 0.000000 0.031250 187.625000 349.578125 0.125000 273.828125 276.812500 86.703125 11.578125 0.000000 102.703125 0.296875 0.000000 104.890625 0.000000 0.000000 0.375000 16 
4.800000 0.890000 0.003084 0.047866 0.101822 0.154806 0.170497 11.359375 86.250000 272.328125 271.390625 0.046875 347.718750 188.109375 0.062500 0.000000 0.000000 0.000000 0.000000 0.062500 189.437500 349.734375 0.156250 269.046875 272.421875 86.593750 11.765625 0.000000 103.937500 0.250000 0.000000 104.515625 0.000000 0.000000 0.437500 16 
4.800000 0.900000 0.003247 0.047556 0.101594 0.154425 0.169634 11.453125 86.187500 270.421875 272.203125 0.093750 343.500000 188.421875 0.046875 0.000000 0.000000 0.000000 0.000000 0.000000 189.312500 348.953125 0.109375 268.125000 273.421875 87.000000 11.375000 0.000000 105.656250 0.437500 0.000000 103.375000 0.000000 0.000000 0.390625 16 
4.800000 0.910000 0.003231 0.048106 0.101230 0.154134 0.168158 12.265625 85.359375 270.343750 272.796875 0.125000 348.781250 186.203125 0.031250 0.000000 0.000000 0.000000 0.000000 0.000000 189.703125 345.640625 0.062500 273.234375 273.218750 85.203125 11.593750 0.000000 106.265625 0.390625 0.000000 103.890625 0.000000 0.000000 0.390625 16 
4.800000 0.920000 0.003117 0.047931 0.101508 0.152966 0.166511 11.156250 84.500000 273.281250 271.328125 0.015625 348.625000 186.703125 0.046875 0.000000 0.000000 0.000000 0.000000 0.078125 186.812500 347.625000 0.062500 273.421875 271.109375 84.437500 10.843750 0.000000 102.421875 0.328125 0.000000 101.687500 0.000000 0.000000 0.359375 16 
4.800000 0.930000 0.003280 0.047900 0.101434 0.153844 0.166220 10.890625 86.343750 270.859375 271.734375 0.046875 347.281250 186.718750 0.046875 0.000000 0.000000 0.000000 0.000000 0.000000 187.281250 349.562500 0.078125 271.000000 272.703125 87.734375 11.828125 0.000000 102.015625 0.343750 0.000000 102.265625 0.000000 0.000000 0.390625 16 
4.800000 0.940000 0.003191 0.048075 0.100178 0.152484 0.162698 10.656250 83.734375 267.906250 276.234375 0.031250 347.390625 187.531250 0.062500 0.000000 0.000000 0.000000 0.000000 0.031250 186.140625 346.281250 0.078125 272.390625 268.625000 85.687500 11.078125 0.000000 103.281250 0.468750 0.000000 103.109375 0.000000 0.000000 0.328125 16 
4.800000 0.950000 0.003205 0.047627 0.100963 0.152617 0.163517 9.968750 84.062500 267.250000 271.343750 0.078125 348.062500 185.343750 0.015625 0.000000 0.000000 0.000000 0.000000 0.031250 184.453125 351.765625 0.031250 268.031250 271.109375 85.171875 12.156250 0.000000 101.953125 0.421875 0.000000 104.671875 0.000000 0.000000 0.312500 16 
4.800000 0.960000 0.003050 0.047375 0.099711 0.151228 0.161939 10.687500 82.718750 269.390625 266.437500 0.062500 343.015625 186.109375 0.015625 0.000000 0.000000 0.000000 0.000000 0.000000 186.031250 345.640625 0.015625 265.843750 266.937500 84.093750 11.109375 0.000000 103.968750 0.343750 0.000000 102.828125 0.000000 0.000000 0.359375 16 
4.800000 0.970000 0.003198 0.047755 0.099602 0.151461 0.162006 11.265625 84.203125 266.546875 268.937500 0.093750 343.500000 182.421875 0.015625 0.000000 0.000000 0.000000 0.000000 0.000000 180.953125 346.093750 0.078125 271.546875 267.828125 81.484375 11.468750 0.000000 101.875000 0.437500 0.000000 105.484375 0.000000 0.000000 0.359375 16 
4.800000 0.980000 0.003147 0.047675 0.098866 0.147834 0.160694 11.406250 83.281250 265.968750 264.390625 0.046875 343.531250 177.312500 0.031250 0.000000 0.000000 0.000000 0.000000 0.000000 182.187500 339.656250 0.015625 270.343750 265.578125 82.406250 12.125000 0.000000 105.828125 0.281250 0.000000 102.921875 0.000000 0.000000 0.406250 16 
4.800000 0.990000 0.003134 0.047553 0.098200 0.148675 0.158478 11.187500 82.296875 266.671875 268.093750 0.031250 342.078125 181.062500 0.000000 0.000000 0.000000 0.000000 0.000000 0.031250 182.265625 338.921875 0.015625 271.750000 266.718750 81.812500 10.765625 0.000000 101.484375 0.281250 0.000000 101.109375 0.000000 0.000000 0.296875 16 
4.800000 1.000000 0.003197 0.047880 0.098956 0.148177 0.156652 10.796875 83.718750 264.046875 268.296875 0.031250 340.046875 180.281250 0.000000 0.000000 0.000000 0.000000 0.000000 0.000000 181.906250 343.328125 0.000000 271.531250 269.546875 83.078125 9.921875 0.000000 104.359375 0.359375 0.000000 105.343750 0.000000 0.000000 0.343750 16 
4.800000 1.010000 0.003206 0.047302 0.098375 0.147936 0.157966 10.703125 80.156250 260.453125 267.015625 0.062500 342.718750 180.062500 0.000000 0.000000 0.000000 0.000000 0.000000 0.031250 181.296875 345.765625 0.062500 267.890625 264.015625 81.250000 11.078125 0.000000 101.578125 0.328125 0.000000 101.656250 0.000000 0.000000 0.421875 16 
4.800000 1.020000 0.003211 0.047437 0.097802 0.147013 0.155053 10.296875 79.437500 262.093750 269.187500 0.000000 341.171875 178.875000 0.031250 0.000000 0.000000 0.000000 0.000000 0.000000 180.437500 343.000000 0.000000 264.218750 261.250000 79.140625 10.281250 0.000000 103.171875 0.437500 0.000000 103.125000 0.000000 0.000000 0.406250 16 
4.800000 1.030000 0.003269 0.047364 0.098091 0.147489 0.155413 10.187500 80.984375 262.281250 266.437500 0.000000 341.875000 176.921875 0.000000 0.000000 0.000000 0.000000 0.000000 0.000000 178.406250 340.890625 0.015625 266.406250 261.531250 83.843750 10.421875 0.000000 104.078125 0.484375 0.000000 104.984375 0.000000 0.000000 0.375000 16 
4.800000 1.040000 0.003070 0.048136 0.097100 0.146492 0.155233 10.093750 80.515625 259.640625 272.078125 0.000000 341.453125 174.656250 0.000000 0.000000 0.000000 0.000000 0.000000 0.046875 177.546875 338.984375 0.046875 269.109375 260.078125 79.265625 10.531250 0.000000 101.812500 0.281250 0.000000 104.265625 0.000000 0.000000 0.296875 16 
4.800000 1.050000 0.003308 0.047561 0.096944 0.145795 0.152102 10.609375 80.562500 259.906250 267.953125 0.031250 343.859375 176.218750 0.000000 0.000000 0.000000 0.000000 0.000000 0.000000 178.515625 342.078125 0.000000 266.000000 257.343750 81.062500 10.625000 0.000000 103.281250 0.312500 0.000000 103.562500 0.000000 0.000000 0.203125 16 
4.800000 1.060000 0.003158 0.047509 0.096766 0.144484 0.152602 10.171875 79.281250 257.687500 269.468750 0.015625 339.437500 175.906250 0.015625 0.000000 0.000000 0.000000 0.000000 0.000000 173.312500 334.906250 0.015625 266.671875 262.468750 79.218750 10.515625 0.000000 99.859375 0.296875 0.000000 101.453125 0.000000 0.000000 0.390625 16 
4.800000 1.070000 0.003216 0.047972 0.097134 0.145016 0.151048 11.109375 80.609375 260.187500 270.765625 0.000000 339.515625 178.937500 0.000000 0.000000 0.000000 0.000000 0.000000 0.000000 173.500000 335.984375 0.000000 270.718750 260.281250 81.343750 10.265625 0.000000 102.515625 0.328125 0.000000 102.640625 0.000000 0.000000 0.328125 16 
4.800000 1.080000 0.003138 0.046689 0.096017 0.143627 0.150967 9.343750 78.812500 260.687500 261.562500 0.000000 335.984375 172.750000 0.000000 0.000000 0.000000 0.000000 0.000000 0.000000 172.796875 334.234375 0.000000 263.015625 258.265625 79.390625 11.000000 0.000000 102.515625 0.375000 0.000000 101.437500 0.000000 0.000000 0.281250 16 
4.800000 1.090000 0.003125 0.047189 0.096684 0.142817 0.150230 11.046875 78.453125 255.734375 268.968750 0.031250 341.984375 175.031250 0.015625 0.000000 0.000000 0.000000 0.000000 0.000000 171.812500 336.921875 0.015625 267.546875 256.500000 78.859375 9.906250 0.000000 102.093750 0.484375 0.000000 99.625000 0.000000 0.000000 0.296875 16 
4.800000 1.100000 0.003170 0.047269 0.095811 0.143522 0.149403 10.359375 79.062500 255.968750 268.125000 0.015625 335.718750 174.125000 0.015625 0.000000 0.000000 0.000000 0.000000 0.000000 172.156250 332.640625 0.015625 266.140625 259.265625 76.390625 10.093750 0.000000 101.187500 0.312500 0.000000 101.843750 0.000000 0.000000 0.265625 16 
4.800000 1.110000 0.003228 0.047672 0.095470 0.141769 0.145283 10.750000 75.953125 254.578125 270.531250 0.015625 337.359375 172.281250 0.000000 0.000000 0.000000 0.000000 0.000000 0.015625 170.812500 337.000000 0.000000 268.328125 255.625000 79.406250 10.343750 0.000000 101.406250 0.281250 0.000000 100.078125 0.000000 0.000000 0.359375 16 
4.800000 1.120000 0.003219 0.046942 0.094044 0.140208 0.145239 9.812500 75.656250 251.593750 267.437500 0.000000 328.000000 169.937500 0.015625 0.000000 0.000000 0.000000 0.000000 0.000000 170.296875 337.343750 0.046875 264.500000 250.578125 74.171875 9.656250 0.000000 99.953125 0.234375 0.000000 101.140625 0.000000 0.000000 0.406250 16 
4.800000 1.130000 0.003177 0.047625 0.094762 0.139772 0.142412 9.468750 79.046875 252.453125 267.046875 0.046875 336.828125 170.265625 0.000000 0.000000 0.000000 0.000000 0.000000 0.000000 171.625000 329.531250 0.015625 267.281250 253.046875 77.375000 10.453125 0.000000 101.937500 0.343750 0.000000 101.375000 0.000000 0.000000 0.250000 16 
4.800000 1.140000 0.003147 0.047155 0.094089 0.138564 0.142919 9.531250 75.343750 249.703125 266.734375 0.031250 330.031250 168.671875 0.000000 0.000000 0.000000 0.000000 0.000000 0.000000 166.906250 329.187500 0.000000 261.140625 252.109375 73.703125 9.781250 0.000000 101.375000 0.359375 0.000000 101.765625 0.000000 0.000000 0.406250 16 
4.800000 1.150000 0.003156 0.046470 0.093941 0.138020 0.144344 10.078125 74.296875 248.062500 260.781250 0.015625 329.000000 166.750000 0.000000 0.000000 0.000000 0.000000 0.000000 0.015625 167.187500 331.531250 0.000000 262.031250 248.265625 73.015625 9.828125 0.000000 100.531250 0.203125 0.000000 98.203125 0.000000 0.000000 0.203125 16 
4.800000 1.160000 0.003242 0.046975 0.093217 0.137769 0.140436 9.421875 75.031250 246.437500 264.906250 0.000000 329.953125 167.343750 0.000000 0.000000 0.000000 0.000000 0.000000 0.000000 165.656250 332.359375 0.015625 263.515625 248.687500 74.671875 10.140625 0.000000 101.343750 0.296875 0.000000 98.906250 0.000000 0.000000 0.218750 16 
4.800000 1.170000 0.003227 0.046691 0.092653 0.136928 0.141803 9.687500 71.468750 249.484375 262.140625 0.000000 328.859375 165.890625 0.000000 0.000000 0.000000 0.000000 0.000000 0.000000 165.546875 325.343750 0.015625 262.609375 248.031250 73.921875 9.593750 0.000000 98.718750 0.421875 0.000000 101.234375 0.000000 0.000000 0.375000 16 
4.800000 1.180000 0.003202 0.047078 0.093145 0.137372 0.140473 9.218750 73.765625 245.171875 262.828125 0.000000 331.953125 163.062500 0.000000 0.000000 0.000000 0.000000 0.000000 0.000000 164.859375 331.046875 0.000000 266.906250 249.765625 73.531250 9.765625 0.000000 100.890625 0.265625 0.000000 101.343750 0.000000 0.000000 0.453125 16 
4.800000 1.190000 0.003159 0.047077 0.092002 0.135764 0.137783 9.546875 73.078125 244.046875 266.796875 0.000000 328.609375 162.531250 0.000000 0.000000 0.000000 0.000000 0.000000 0.000000 166.328125 322.468750 0.000000 262.500000 250.000000 74.296875 8.812500 0.000000 100.359375 0.390625 0.000000 99.031250 0.000000 0.000000 0.250000 16 
4.800000 1.200000 0.003047 0.046705 0.091583 0.136233 0.138769 9.593750 74.093750 244.359375 262.890625 0.000000 330.859375 165.046875 0.000000 0.000000 0.000000 0.000000 0.000000 0.000000 162.828125 322.796875 0.000000 262.203125 241.484375 74.437500 9.265625 0.000000 100.593750 0.390625 0.000000 100.828125 0.000000 0.000000 0.312500 16 
4.800000 1.210000 0.003203 0.046588 0.090652 0.133553 0.135448 8.218750 73.812500 244.015625 260.265625 0.000000 322.546875 160.343750 0.000000 0.000000 0.000000 0.000000 0.000000 0.000000 158.921875 324.734375 0.015625 261.093750 244.421875 71.984375 9.078125 0.000000 100.000000 0.218750 0.000000 100.375000 0.000000 0.000000 0.234375 16 
4.800000 1.220000 0.003156 0.046433 0.091606 0.133120 0.135150 8.796875 72.406250 241.890625 260.531250 0.000000 326.640625 164.109375 0.000000 0.000000 0.000000 0.000000 0.000000 0.000000 161.015625 325.171875 0.000000 262.000000 245.125000 76.406250 9.687500 0.000000 98.359375 0.265625 0.000000 96.625000 0.000000 0.000000 0.390625 16 
4.800000 1.230000 0.003223 0.046384 0.090700 0.133000 0.133595 8.328125 71.437500 240.031250 261.203125 0.000000 323.406250 158.890625 0.000000 0.000000 0.000000 0.000000 0.000000 0.000000 159.921875 326.390625 0.015625 262.656250 240.781250 72.609375 9.296875 0.000000 99.296875 0.375000 0.000000 100.390625 0.000000 0.000000 0.343750 16 
4.800000 1.240000 0.003106 0.046306 0.089100 0.132228 0.134870 9.203125 72.296875 235.578125 260.140625 0.031250 320.968750 155.343750 0.015625 0.000000 0.000000 0.000000 0.000000 0.000000 155.890625 318.218750 0.000000 258.421875 235.203125 72.046875 9.109375 0.000000 100.828125 0.265625 0.000000 100.203125 0.000000 0.000000 0.265625 16 
4.800000 1.250000 0.003223 0.045886 0.089830 0.130830 0.132911 9.062500 69.781250 235.296875 260.625000 0.000000 319.875000 158.937500 0.000000 0.000000 0.000000 0.000000 0.000000 0.000000 157.484375 317.718750 0.015625 260.734375 237.265625 71.125000 8.281250 0.000000 97.703125 0.203125 0.000000 98.046875 0.000000 0.000000 0.296875 16 
4.800000 1.260000 0.003102 0.046219 0.088872 0.130044 0.131687 9.390625 69.937500 238.312500 257.578125 0.000000 319.234375 154.734375 0.000000 0.000000 0.000000 0.000000 0.000000 0.015625 158.953125 318.750000 0.000000 257.765625 236.343750 69.906250 9.140625 0.000000 98.687500 0.437500 0.000000 96.703125 0.000000 0.000000 0.281250 16 
4.800000 1.270000 0.003094 0.046159 0.088675 0.129053 0.129828 8.296875 69.468750 233.843750 256.234375 0.000000 312.984375 156.109375 0.000000 0.000000 0.000000 0.000000 0.000000 0.000000 153.296875 316.640625 0.000000 259.390625 234.390625 68.343750 9.265625 0.000000 98.609375 0.359375 0.000000 98.515625 0.000000 0.000000 0.265625 16 
4.800000 1.280000 0.003261 0.045159 0.088269 0.128938 0.129003 9.062500 68.890625 232.859375 259.640625 0.015625 313.328125 156.312500 0.000000 0.000000 0.000000 0.000000 0.000000 0.000000 155.281250 314.718750 0.000000 256.875000 232.187500 68.812500 8.562500 0.000000 97.140625 0.171875 0.000000 97.328125 0.000000 0.000000 0.265625 16 
4.800000 1.290000 0.002986 0.045602 0.088044 0.128677 0.129709 8.187500 68.375000 233.125000 259.859375 0.000000 320.000000 151.765625 0.000000 0.000000 0.000000 0.000000 0.000000 0.000000 154.328125 317.390625 0.000000 260.296875 230.562500 66.140625 8.843750 0.000000 96.343750 0.296875 0.000000 97.390625 0.000000 0.000000 0.406250 16 
4.800000 1.300000 0.003141 0.045536 0.087297 0.127648 0.127505 9.437500 68.812500 228.593750 257.875000 0.000000 315.484375 152.359375 0.000000 0.000000 0.000000 0.000000 0.000000 0.000000 151.156250 314.343750 0.000000 255.421875 232.734375 68.000000 9.000000 0.000000 99.453125 0.250000 0.000000 96.281250 0.000000 0.000000 0.406250 16 
4.800000 1.310000 0.002941 0.045456 0.087433 0.127906 0.127155 7.953125 68.015625 233.765625 258.906250 0.000000 313.562500 152.828125 0.000000 0.000000 0.000000 0.000000 0.000000 0.000000 155.984375 315.531250 0.000000 253.703125 229.015625 69.328125 8.265625 0.000000 97.171875 0.250000 0.000000 96.468750 0.000000 0.000000 0.343750 16 
4.800000 1.320000 0.003083 0.045213 0.087080 0.126547 0.125578 8.546875 66.828125 229.171875 256.203125 0.000000 313.484375 149.843750 0.000000 0.000000 0.000000 0.000000 0.000000 0.000000 147.703125 311.562500 0.000000 252.265625 229.343750 68.343750 8.531250 0.000000 96.968750 0.312500 0.000000 97.406250 0.000000 0.000000 0.406250 16 
4.800000 1.330000 0.003291 0.045336 0.086848 0.127061 0.125516 8.890625 68.234375 235.109375 261.359375 0.000000 317.187500 147.984375 0.000000 0.000000 0.000000 0.000000 0.000000 0.000000 149.875000 312.734375 0.000000 254.890625 229.125000 70.250000 8.593750 0.000000 97.343750 0.281250 0.000000 95.859375 0.000000 0.000000 0.343750 16 
4.800000 1.340000 0.003178 0.044861 0.085536 0.125136 0.124797 8.125000 65.375000 225.515625 254.234375 0.000000 309.515625 147.515625 0.000000 0.000000 0.000000 0.000000 0.000000 0.000000 146.828125 310.609375 0.000000 254.843750 224.171875 65.937500 8.453125 0.000000 94.046875 0.281250 0.000000 96.390625 0.000000 0.000000 0.265625 16 
4.800000 1.350000 0.002962 0.044869 0.085044 0.124203 0.122841 8.046875 65.812500 224.531250 250.640625 0.000000 310.750000 149.343750 0.000000 0.000000 0.000000 0.000000 0.000000 0.000000 144.453125 308.437500 0.000000 245.406250 225.078125 64.500000 8.703125 0.000000 95.734375 0.250000 0.000000 96.984375 0.000000 0.000000 0.250000 16 
4.800000 1.360000 0.002953 0.044339 0.083784 0.122133 0.120792 7.875000 63.015625 221.515625 245.578125 0.000000 304.343750 145.015625 0.000000 0.000000 0.000000 0.000000 0.000000 0.000000 146.171875 308.906250 0.031250 248.140625 217.640625 65.343750 8.578125 0.000000 93.812500 0.375000 0.000000 93.375000 0.000000 0.000000 0.265625 16 
4.800000 1.370000 0.003045 0.044181 0.084252 0.122344 0.121288 7.562500 65.125000 218.468750 251.781250 0.000000 305.718750 146.796875 0.000000 0.000000 0.000000 0.000000 0.000000 0.000000 142.953125 306.234375 0.000000 254.187500 222.656250 63.609375 7.703125 0.000000 93.328125 0.281250 0.000000 95.125000 0.000000 0.000000 0.234375 16 
4.800000 1.380000 0.002988 0.044328 0.083945 0.122053 0.121448 7.812500 63.140625 215.218750 249.484375 0.000000 304.828125 144.203125 0.000000 0.000000 0.000000 0.000000 0.000000 0.000000 142.984375 307.453125 0.000000 247.687500 219.359375 63.046875 7.359375 0.000000 92.796875 0.234375 0.000000 93.140625 0.000000 0.000000 0.312500 16 
4.800000 1.390000 0.003105 0.044809 0.084158 0.123034 0.120092 8.125000 63.750000 221.437500 251.203125 0.000000 307.093750 143.515625 0.000000 0.000000 0.000000 0.000000 0.000000 0.000000 145.453125 310.781250 0.000000 253.234375 219.015625 63.859375 7.593750 0.000000 96.406250 0.203125 0.000000 95.625000 0.000000 0.000000 0.265625 16 
4.800000 1.400000 0.003019 0.044327 0.082789 0.120067 0.117703 7.906250 64.312500 217.937500 250.562500 0.000000 303.968750 143.187500 0.000000 0.000000 0.000000 0.000000 0.000000 0.000000 142.125000 301.671875 0.000000 248.312500 217.859375 62.625000 8.250000 0.000000 95.921875 0.218750 0.000000 94.500000 0.000000 0.000000 0.218750 16 
4.800000 1.410000 0.003042 0.043675 0.082867 0.119628 0.117022 7.234375 62.125000 217.718750 250.046875 0.000000 298.953125 141.656250 0.000000 0.000000 0.000000 0.000000 0.000000 0.000000 142.218750 302.265625 0.000000 249.531250 218.093750 63.171875 8.515625 0.000000 92.406250 0.281250 0.000000 92.234375 0.000000 0.000000 0.250000 16 
4.800000 1.420000 0.002892 0.043545 0.082650 0.119155 0.118009 7.937500 61.484375 215.593750 250.171875 0.000000 299.859375 139.484375 0.000000 0.000000 0.000000 0.000000 0.000000 0.000000 140.812500 298.578125 0.000000 246.312500 213.656250 63.531250 7.656250 0.000000 93.796875 0.250000 0.000000 93.078125 0.000000 0.000000 0.234375 16 
4.800000 1.430000 0.003019 0.042994 0.081341 0.117913 0.114956 6.531250 61.437500 213.125000 243.890625 0.000000 294.671875 140.656250 0.000000 0.000000 0.000000 0.000000 0.000000 0.000000 137.750000 298.734375 0.000000 239.593750 211.656250 61.625000 7.156250 0.000000 92.000000 0.343750 0.000000 91.421875 0.000000 0.000000 0.406250 16 
4.800000 1.440000 0.002986 0.043241 0.081219 0.116556 0.114517 7.218750 59.562500 210.937500 244.609375 0.000000 295.109375 141.750000 0.000000 0.000000 0.000000 0.000000 0.000000 0.000000 136.468750 294.921875 0.000000 241.406250 211.796875 61.109375 7.515625 0.000000 91.671875 0.125000 0.000000 89.343750 0.000000 0.000000 0.203125 16 
4.800000 1.450000 0.002991 0.043822 0.081602 0.117569 0.113523 7.734375 62.250000 213.500000 245.000000 0.000000 296.578125 138.828125 0.000000 0.000000 0.000000 0.000000 0.000000 0.000000 136.687500 297.078125 0.015625 246.546875 217.656250 63.031250 7.500000 0.000000 91.953125 0.171875 0.000000 90.328125 0.000000 0.000000 0.156250 16 
4.800000 1.460000 0.002988 0.043212 0.080845 0.116681 0.114673 7.546875 61.625000 209.578125 248.703125 0.000000 291.671875 136.171875 0.000000 0.000000 0.000000 0.000000 0.000000 0.000000 138.640625 296.781250 0.000000 242.796875 207.578125 61.156250 6.562500 0.000000 94.640625 0.265625 0.000000 92.343750 0.000000 0.000000 0.203125 16 
4.800000 1.470000 0.002933 0.043037 0.079455 0.113994 0.110755 7.109375 58.031250 208.953125 238.984375 0.000000 291.000000 137.687500 0.000000 0.000000 0.000000 0.000000 0.000000 0.000000 133.984375 290.000000 0.000000 244.515625 205.062500 59.015625 6.968750 0.000000 91.593750 0.234375 0.000000 91.062500 0.000000 0.000000 0.109375 16 
4.800000 1.480000 0.002878 0.042752 0.079689 0.115108 0.111425 7.984375 60.265625 208.531250 238.328125 0.000000 291.468750 134.578125 0.000000 0.000000 0.000000 0.000000 0.000000 0.000000 133.734375 293.968750 0.000000 242.203125 209.484375 58.906250 8.171875 0.000000 90.484375 0.218750 0.000000 90.062500 0.000000 0.000000 0.203125 16 
4.800000 1.490000 0.002900 0.041972 0.078080 0.112284 0.109953 7.296875 56.859375 202.328125 240.578125 0.000000 283.250000 131.703125 0.000000 0.000000 0.000000 0.000000 0.000000 0.000000 131.203125 286.203125 0.000000 240.046875 202.609375 57.468750 8.093750 0.000000 90.203125 0.187500 0.000000 89.906250 0.000000 0.000000 0.312500 16 
4.800000 1.500000 0.002880 0.042537 0.077872 0.112294 0.109089 6.562500 57.406250 206.187500 240.546875 0.000000 287.421875 130.078125 0.000000 0.000000 0.000000 0.000000 0.000000 0.000000 131.781250 286.468750 0.000000 241.468750 202.421875 57.734375 6.812500 0.000000 89.968750 0.125000 0.000000 91.390625 0.000000 0.000000 0.406250 16 
4.800000 1.510000 0.002845 0.041841 0.076066 0.109597 0.106213 7.000000 53.687500 197.593750 234.859375 0.000000 279.125000 127.328125 0.000000 0.000000 0.000000 0.000000 0.000000 0.000000 128.812500 283.125000 0.000000 236.609375 196.390625 55.437500 6.312500 0.000000 87.453125 0.203125 0.000000 90.890625 0.000000 0.000000 0.171875 16 
4.800000 1.520000 0.002844 0.041377 0.077205 0.110648 0.108034 7.171875 57.578125 198.468750 238.625000 0.000000 283.484375 129.265625 0.000000 0.000000 0.000000 0.000000 0.000000 0.000000 128.546875 287.828125 0.000000 236.109375 196.953125 56.281250 7.125000 0.000000 90.343750 0.171875 0.000000 87.500000 0.000000 0.000000 0.265625 16 
4.800000 1.530000 0.002788 0.041181 0.076531 0.109303 0.106205 6.765625 55.390625 197.578125 236.625000 0.000000 282.890625 126.343750 0.000000 0.000000 0.000000 0.000000 0.000000 0.000000 125.484375 282.593750 0.015625 236.453125 200.703125 56.015625 6.687500 0.000000 86.812500 0.281250 0.000000 88.515625 0.000000 0.000000 0.281250 16 
4.800000 1.540000 0.002913 0.041000 0.074606 0.107753 0.103167 6.640625 55.343750 193.265625 232.218750 0.000000 274.515625 126.828125 0.000000 0.000000 0.000000 0.000000 0.000000 0.000000 125.515625 277.468750 0.000000 231.875000 191.796875 55.765625 7.593750 0.000000 88.375000 0.218750 0.000000 86.765625 0.000000 0.000000 0.171875 16 
4.800000 1.550000 0.002944 0.041447 0.074697 0.108787 0.104559 5.687500 53.437500 198.312500 231.531250 0.000000 278.234375 127.281250 0.000000 0.000000 0.000000 0.000000 0.000000 0.000000 126.406250 275.500000 0.000000 231.531250 198.734375 53.734375 6.859375 0.000000 88.375000 0.250000 0.000000 88.046875 0.000000 0.000000 0.296875 16 
4.800000 1.560000 0.002781 0.041344 0.074675 0.106653 0.102452 6.312500 53.750000 194.296875 233.093750 0.000000 279.953125 125.218750 0.000000 0.000000 0.000000 0.000000 0.000000 0.000000 124.656250 273.796875 0.000000 226.984375 191.796875 53.328125 6.500000 0.000000 86.140625 0.078125 0.000000 86.031250 0.000000 0.000000 0.234375 16 
4.800000 1.570000 0.002952 0.040992 0.074188 0.107155 0.102905 6.234375 54.062500 196.687500 233.390625 0.000000 277.062500 123.203125 0.000000 0.000000 0.000000 0.000000 0.000000 0.000000 125.062500 272.750000 0.000000 234.171875 194.343750 54.890625 7.125000 0.000000 88.656250 0.250000 0.000000 87.203125 0.000000 0.000000 0.453125 16 
4.800000 1.580000 0.002737 0.040381 0.073650 0.105506 0.101941 6.187500 53.671875 192.265625 227.640625 0.000000 272.718750 122.234375 0.000000 0.000000 0.000000 0.000000 0.000000 0.000000 122.140625 275.390625 0.015625 233.921875 188.859375 54.062500 6.234375 0.000000 86.843750 0.203125 0.000000 82.984375 0.000000 0.000000 0.265625 16 
4.800000 1.590000 0.002747 0.040328 0.072439 0.103091 0.098606 6.546875 53.000000 187.578125 224.843750 0.000000 269.187500 119.687500 0.000000 0.000000 0.000000 0.000000 0.000000 0.000000 122.640625 266.500000 0.000000 229.937500 188.640625 52.640625 6.437500 0.000000 85.328125 0.218750 0.000000 84.734375 0.000000 0.000000 0.078125 16 
4.800000 1.600000 0.002828 0.039677 0.072186 0.103720 0.099713 6.265625 53.500000 184.890625 227.656250 0.000000 267.734375 120.687500 0.000000 0.000000 0.000000 0.000000 0.000000 0.000000 117.968750 267.828125 0.000000 227.328125 188.015625 51.968750 6.640625 0.000000 83.562500 0.078125 0.000000 84.687500 0.000000 0.000000 0.156250 16 
4.800000 1.610000 0.002719 0.039637 0.070778 0.102050 0.097616 6.125000 50.109375 181.656250 222.812500 0.000000 262.312500 120.750000 0.000000 0.000000 0.000000 0.000000 0.000000 0.000000 118.718750 264.687500 0.000000 225.062500 185.156250 50.687500 5.937500 0.000000 83.375000 0.015625 0.000000 85.421875 0.000000 0.000000 0.203125 16 
4.800000 1.620000 0.002656 0.038648 0.069441 0.099530 0.094056 5.703125 50.203125 179.156250 222.734375 0.000000 260.390625 115.765625 0.000000 0.000000 0.000000 0.000000 0.000000 0.000000 115.656250 261.453125 0.000000 218.171875 179.562500 48.328125 5.781250 0.000000 79.265625 0.140625 0.000000 80.937500 0.000000 0.000000 0.203125 16 
4.800000 1.630000 0.002778 0.039158 0.070547 0.100520 0.096133 5.109375 49.781250 178.515625 222.468750 0.000000 262.062500 117.703125 0.000000 0.000000 0.000000 0.000000 0.000000 0.000000 117.031250 261.718750 0.000000 222.453125 183.796875 51.421875 5.562500 0.000000 82.906250 0.265625 0.000000 81.937500 0.000000 0.000000 0.281250 16 
4.800000 1.640000 0.002713 0.038494 0.069033 0.098547 0.092366 5.812500 48.640625 180.546875 221.078125 0.000000 258.390625 112.828125 0.000000 0.000000 0.000000 0.000000 0.000000 0.000000 114.718750 257.250000 0.000000 224.562500 183.843750 49.203125 6.140625 0.000000 81.531250 0.109375 0.000000 80.328125 0.000000 0.000000 0.156250 16 
4.800000 1.650000 0.002703 0.037619 0.067905 0.096634 0.093734 5.328125 48.312500 175.437500 214.015625 0.000000 253.265625 112.843750 0.000000 0.000000 0.000000 0.000000 0.000000 0.000000 111.703125 251.453125 0.000000 216.093750 174.093750 47.468750 5.281250 0.000000 80.921875 0.171875 0.000000 80.421875 0.000000 0.000000 0.312500 16 
4.800000 1.660000 0.002736 0.038370 0.068398 0.098314 0.093125 6.171875 50.171875 175.265625 216.375000 0.000000 254.687500 112.609375 0.000000 0.000000 0.000000 0.000000 0.000000 0.000000 111.875000 254.984375 0.000000 217.937500 177.796875 49.281250 6.218750 0.000000 83.234375 0.203125 0.000000 78.734375 0.000000 0.000000 0.187500 16 
4.800000 1.670000 0.002620 0.037947 0.068284 0.096425 0.090134 5.687500 47.000000 177.296875 218.187500 0.000000 255.218750 112.359375 0.000000 0.000000 0.000000 0.000000 0.000000 0.000000 110.937500 254.031250 0.000000 218.140625 177.500000 47.234375 5.656250 0.000000 79.078125 0.234375 0.000000 79.343750 0.000000 0.000000 0.218750 16 
4.800000 1.680000 0.002708 0.037588 0.067141 0.095303 0.090262 5.875000 47.015625 172.468750 215.593750 0.000000 251.765625 112.328125 0.000000 0.000000 0.000000 0.000000 0.000000 0.000000 110.906250 249.765625 0.000000 217.921875 173.578125 48.828125 5.500000 0.000000 78.343750 0.203125 0.000000 76.531250 0.000000 0.000000 0.218750 16 
4.800000 1.690000 0.002591 0.038148 0.067097 0.095055 0.088942 5.015625 47.703125 169.921875 214.906250 0.000000 251.234375 109.390625 0.000000 0.000000 0.000000 0.000000 0.000000 0.000000 108.906250 251.203125 0.000000 214.437500 175.671875 47.406250 5.250000 0.000000 79.343750 0.218750 0.000000 79.078125 0.000000 0.000000 0.109375 16 
4.800000 1.700000 0.002677 0.036930 0.065884 0.093830 0.087786 5.765625 46.656250 169.453125 213.421875 0.000000 247.687500 105.765625 0.000000 0.000000 0.000000 0.000000 0.000000 0.000000 106.937500 248.906250 0.000000 213.718750 170.843750 48.046875 5.828125 0.000000 77.796875 0.187500 0.000000 77.468750 0.000000 0.000000 0.218750 16 
4.800000 1.710000 0.002533 0.036297 0.064186 0.092713 0.087098 5.171875 44.218750 165.343750 204.046875 0.000000 241.640625 105.609375 0.000000 0.000000 0.000000 0.000000 0.000000 0.000000 105.328125 248.296875 0.000000 206.156250 162.640625 45.500000 5.218750 0.000000 77.500000 0.046875 0.000000 78.703125 0.000000 0.000000 0.171875 16 
4.800000 1.720000 0.002509 0.036244 0.064166 0.091409 0.085227 5.250000 44.828125 166.265625 205.859375 0.000000 240.343750 105.250000 0.000000 0.000000 0.000000 0.000000 0.000000 0.000000 104.859375 240.421875 0.000000 206.500000 164.203125 45.140625 5.265625 0.000000 77.625000 0.187500 0.000000 76.718750 0.000000 0.000000 0.265625 16 
4.800000 1.730000 0.002616 0.035734 0.063552 0.089928 0.083031 5.140625 44.062500 164.031250 207.609375 0.000000 239.265625 102.265625 0.000000 0.000000 0.000000 0.000000 0.000000 0.000000 102.750000 237.250000 0.000000 207.593750 163.203125 44.546875 5.437500 0.000000 74.343750 0.187500 0.000000 74.328125 0.000000 0.000000 0.109375 16 
4.800000 1.740000 0.002458 0.035353 0.062634 0.089222 0.084061 4.984375 42.500000 161.171875 202.031250 0.000000 235.500000 100.531250 0.000000 0.000000 0.000000 0.000000 0.000000 0.000000 101.687500 234.718750 0.000000 204.296875 160.093750 45.109375 5.234375 0.000000 74.828125 0.187500 0.000000 75.406250 0.000000 0.000000 0.125000 16 
4.800000 1.750000 0.002372 0.034414 0.061027 0.086761 0.081742 4.656250 43.796875 156.531250 195.609375 0.000000 234.750000 99.218750 0.000000 0.000000 0.000000 0.000000 0.000000 0.000000 96.953125 226.984375 0.000000 195.796875 155.093750 42.500000 4.234375 0.000000 72.343750 0.171875 0.000000 74.171875 0.000000 0.000000 0.125000 16 
4.800000 1.760000 0.002514 0.034795 0.060645 0.086758 0.080002 5.140625 41.937500 155.859375 198.718750 0.000000 229.968750 97.359375 0.000000 0.000000 0.000000 0.000000 0.000000 0.000000 97.750000 232.437500 0.000000 197.937500 156.390625 41.015625 4.531250 0.000000 72.734375 0.187500 0.000000 75.375000 0.000000 0.000000 0.078125 16 
4.800000 1.770000 0.002402 0.034300 0.060448 0.086434 0.081803 4.859375 41.453125 154.890625 197.578125 0.000000 230.578125 96.375000 0.000000 0.000000 0.000000 0.000000 0.000000 0.000000 94.656250 230.421875 0.000000 193.390625 155.796875 41.328125 5.015625 0.000000 73.937500 0.187500 0.000000 72.953125 0.000000 0.000000 0.187500 16 
4.800000 1.780000 0.002380 0.033837 0.058633 0.084091 0.079973 4.781250 40.468750 151.625000 193.187500 0.000000 228.093750 92.234375 0.000000 0.000000 0.000000 0.000000 0.000000 0.000000 95.859375 221.484375 0.000000 192.937500 149.156250 42.234375 5.187500 0.000000 70.515625 0.093750 0.000000 72.109375 0.000000 0.000000 0.093750 16 
4.800000 1.790000 0.002377 0.033000 0.057195 0.081534 0.074414 3.968750 40.578125 149.656250 193.203125 0.000000 219.281250 94.953125 0.000000 0.000000 0.000000 0.000000 0.000000 0.000000 91.703125 215.718750 0.000000 189.640625 149.390625 39.781250 4.437500 0.000000 69.250000 0.125000 0.000000 70.562500 0.000000 0.000000 0.078125 16 
4.800000 1.800000 0.002338 0.032609 0.057464 0.081222 0.075784 4.421875 41.078125 146.062500 188.671875 0.000000 219.796875 91.421875 0.000000 0.000000 0.000000 0.000000 0.000000 0.000000 92.671875 217.671875 0.000000 188.953125 150.031250 39.609375 4.078125 0.000000 67.328125 0.140625 0.000000 68.171875 0.000000 0.000000 0.031250 16 
4.800000 1.810000 0.002288 0.033370 0.057517 0.082111 0.075627 3.953125 37.656250 147.109375 189.078125 0.000000 217.609375 93.203125 0.000000 0.000000 0.000000 0.000000 0.000000 0.000000 92.968750 218.281250 0.000000 189.890625 147.218750 39.218750 4.750000 0.000000 69.390625 0.125000 0.000000 69.343750 0.000000 0.000000 0.171875 16 
4.800000 1.820000 0.002280 0.032334 0.056055 0.079438 0.073969 4.296875 36.640625 144.718750 186.812500 0.000000 213.812500 91.734375 0.000000 0.000000 0.000000 0.000000 0.000000 0.000000 89.687500 211.765625 0.000000 186.140625 143.406250 37.578125 4.484375 0.000000 68.718750 0.109375 0.000000 68.453125 0.000000 0.000000 0.140625 16 
4.800000 1.830000 0.002258 0.031891 0.055102 0.078441 0.072806 4.578125 38.265625 143.484375 183.953125 0.000000 212.343750 87.734375 0.000000 0.000000 0.000000 0.000000 0.000000 0.000000 87.406250 209.796875 0.000000 184.468750 141.234375 37.828125 4.406250 0.000000 69.015625 0.171875 0.000000 67.937500 0.000000 0.000000 0.171875 16 
4.800000 1.840000 0.002108 0.030462 0.053155 0.075556 0.069600 4.046875 36.812500 133.968750 178.640625 0.000000 201.468750 84.125000 0.000000 0.000000 0.000000 0.000000 0.000000 0.000000 85.546875 201.890625 0.000000 180.734375 133.625000 35.171875 4.187500 0.000000 66.109375 0.125000 0.000000 65.562500 0.000000 0.000000 0.078125 16 
4.800000 1.850000 0.002167 0.030811 0.053561 0.076170 0.070489 3.906250 36.140625 135.937500 176.875000 0.000000 202.656250 85.953125 0.000000 0.000000 0.000000 0.000000 0.000000 0.000000 84.750000 204.234375 0.000000 177.968750 135.093750 36.109375 4.281250 0.000000 65.984375 0.078125 0.000000 65.921875 0.000000 0.000000 0.078125 16 
4.800000 1.860000 0.002147 0.029805 0.052341 0.073477 0.068792 4.109375 35.015625 134.328125 174.593750 0.000000 201.765625 82.796875 0.000000 0.000000 0.000000 0.000000 0.000000 0.000000 83.265625 197.671875 0.000000 174.140625 129.562500 36.125000 4.625000 0.000000 63.437500 0.187500 0.000000 62.265625 0.000000 0.000000 0.093750 16 
4.800000 1.870000 0.001997 0.029286 0.050494 0.071808 0.065600 3.546875 34.421875 130.000000 167.406250 0.000000 193.953125 78.765625 0.000000 0.000000 0.000000 0.000000 0.000000 0.000000 81.187500 193.484375 0.000000 168.984375 126.062500 33.093750 4.156250 0.000000 62.125000 0.203125 0.000000 62.500000 0.000000 0.000000 0.156250 16 
4.800000 1.880000 0.002052 0.028428 0.048638 0.068712 0.062831 3.750000 32.250000 124.531250 166.343750 0.000000 188.140625 77.328125 0.000000 0.000000 0.000000 0.000000 0.000000 0.000000 77.328125 190.468750 0.000000 162.968750 122.421875 31.937500 3.500000 0.000000 60.187500 0.109375 0.000000 58.781250 0.000000 0.000000 0.218750 16 
4.800000 1.890000 0.002044 0.028742 0.048723 0.069861 0.063537 3.937500 32.359375 125.218750 164.296875 0.000000 189.250000 76.859375 0.000000 0.000000 0.000000 0.000000 0.000000 0.000000 78.093750 187.968750 0.000000 166.593750 121.375000 31.734375 3.656250 0.000000 61.640625 0.093750 0.000000 61.125000 0.000000 0.000000 0.187500 16 
4.800000 1.900000 0.001878 0.027053 0.046527 0.065975 0.060539 3.593750 29.640625 119.328125 155.984375 0.000000 178.062500 73.531250 0.000000 0.000000 0.000000 0.000000 0.000000 0.000000 72.671875 178.062500 0.000000 157.562500 118.218750 32.421875 3.625000 0.000000 57.375000 0.078125 0.000000 57.968750 0.000000 0.000000 0.125000 16 
4.800000 1.910000 0.001905 0.027300 0.046983 0.065991 0.060250 3.734375 31.703125 119.453125 159.515625 0.000000 177.968750 73.484375 0.000000 0.000000 0.000000 0.000000 0.000000 0.000000 73.265625 181.093750 0.000000 161.015625 119.453125 30.203125 3.265625 0.000000 58.203125 0.140625 0.000000 56.296875 0.000000 0.000000 0.156250 16 
4.800000 1.920000 0.001919 0.026511 0.044859 0.063539 0.058389 3.375000 29.312500 113.671875 153.093750 0.000000 177.171875 70.984375 0.000000 0.000000 0.000000 0.000000 0.000000 0.000000 72.640625 170.140625 0.000000 154.703125 116.609375 29.156250 3.296875 0.000000 55.671875 0.125000 0.000000 57.421875 0.000000 0.000000 0.109375 16 
4.800000 1.930000 0.001748 0.025837 0.043311 0.061537 0.055791 3.468750 29.656250 108.593750 147.406250 0.000000 166.625000 68.609375 0.000000 0.000000 0.000000 0.000000 0.000000 0.000000 67.984375 166.359375 0.000000 149.203125 110.781250 30.078125 3.671875 0.000000 54.437500 0.093750 0.000000 53.875000 0.000000 0.000000 0.093750 16 
4.800000 1.940000 0.001720 0.024695 0.041713 0.059114 0.054070 2.921875 28.265625 104.515625 142.015625 0.000000 160.703125 65.984375 0.000000 0.000000 0.000000 0.000000 0.000000 0.000000 65.812500 163.140625 0.000000 143.265625 106.750000 27.921875 2.718750 0.000000 51.765625 0.093750 0.000000 50.140625 0.000000 0.000000 0.109375 16 
4.800000 1.950000 0.001648 0.024380 0.041703 0.058236 0.052380 3.359375 27.156250 104.375000 141.015625 0.000000 158.984375 63.203125 0.000000 0.000000 0.000000 0.000000 0.000000 0.000000 65.234375 159.937500 0.000000 140.125000 104.718750 26.468750 2.937500 0.000000 50.750000 0.078125 0.000000 49.140625 0.000000 0.000000 0.093750 16 
4.800000 1.960000 0.001650 0.023062 0.039408 0.055650 0.050589 3.156250 24.593750 98.828125 134.343750 0.000000 152.687500 61.578125 0.000000 0.000000 0.000000 0.000000 0.000000 0.000000 60.109375 152.531250 0.000000 134.953125 97.187500 25.953125 2.765625 0.000000 47.843750 0.062500 0.000000 47.453125 0.000000 0.000000 0.046875 16 
4.800000 1.970000 0.001766 0.023286 0.039852 0.056483 0.051016 3.046875 25.593750 100.734375 136.843750 0.000000 154.515625 62.671875 0.000000 0.000000 0.000000 0.000000 0.000000 0.000000 63.296875 154.281250 0.000000 136.593750 100.750000 27.265625 2.937500 0.000000 49.453125 0.031250 0.000000 50.296875 0.000000 0.000000 0.046875 16 
4.800000 1.980000 0.001658 0.022180 0.037653 0.053145 0.048320 2.968750 24.500000 95.671875 128.281250 0.000000 149.484375 58.562500 0.000000 0.000000 0.000000 0.000000 0.000000 0.000000 59.187500 144.328125 0.000000 129.718750 93.765625 24.890625 2.328125 0.000000 46.468750 0.046875 0.000000 47.125000 0.000000 0.000000 0.093750 16 
4.800000 1.990000 0.001416 0.020791 0.035420 0.050256 0.045659 2.437500 23.437500 88.375000 120.703125 0.000000 135.828125 54.062500 0.000000 0.000000 0.000000 0.000000 0.000000 0.000000 54.750000 137.375000 0.000000 119.250000 88.234375 22.515625 2.781250 0.000000 43.640625 0.078125 0.000000 43.218750 0.000000 0.000000 0.109375 16 
4.800000 2.000000 0.001381 0.019252 0.032378 0.045852 0.041111 2.500000 20.859375 81.812500 112.359375 0.000000 126.343750 49.921875 0.000000 0.000000 0.000000 0.000000 0.000000 0.000000 49.921875 127.250000 0.000000 111.859375 82.609375 21.515625 2.531250 0.000000 40.468750 0.062500 0.000000 39.531250 0.000000 0.000000 0.140625 16 
