0.000 0.00000000	 1.00000000 0.00000000 0.00000000 0.00000000 1.00000000
0.050 0.00000000	 1.00000000 0.00000000 0.00000000 0.00000000 1.00000000
0.100 0.00000000	 1.00000000 0.00000000 0.00000000 0.00000000 1.00000000
0.150 0.00000000	 1.00000000 0.00000000 0.00000000 0.00000000 1.00000000
0.200 0.00000000	 1.00000000 0.00000000 0.00000000 0.00000000 1.00000000
0.250 0.00000000	 1.00000000 0.00000000 0.00000000 0.00000000 1.00000000
0.300 0.00000000	 1.00000000 0.00000000 0.00000000 0.00000000 1.00000000
0.350 0.00000000	 1.00000000 0.00000000 0.00000000 0.00000000 1.00000000
0.400 0.00000000	 1.00000000 0.00000000 0.00000000 0.00000000 1.00000000
0.450 0.00000000	 1.00000000 0.00000000 0.00000000 0.00000000 1.00000000
0.500 0.00000000	 1.00000000 0.00000000 0.00000000 0.00000000 1.00000000
0.550 0.00000000	 1.00000000 0.00000000 0.00000000 0.00000000 1.00000000
0.600 0.00000000	 1.00000000 0.00000000 0.00000000 0.00000000 1.00000000
0.650 0.00000000	 1.00000000 0.00000000 0.00000000 0.00000000 1.00000000
0.700 0.00000000	 1.00000000 0.00000000 0.00000000 0.00000000 2.00000000
0.710 0.00000000	 1.00000000 0.00000000 0.00000000 0.00000000 18.00000000
0.711 0.00000000	 1.00000000 0.00000000 0.00000000 0.00000000 17.00000000
0.712 0.00000000	 1.00000000 0.00000000 0.00000000 0.00000000 17.00000000
0.713 0.00000000	 1.00000000 0.00000000 0.00000000 0.00000000 17.00000000
0.714 0.00000000	 1.00000000 0.00000000 0.00000000 0.00000000 17.00000000
0.715 0.00000000	 1.00000000 0.00000000 0.00000000 0.00000000 17.00000000
0.716 0.00000000	 1.00000000 0.00000000 0.00000000 0.00000000 17.00000000
0.717 0.00000000	 1.00000000 0.00000000 0.00000000 0.00000000 17.00000000
0.718 0.00000000	 1.00000000 0.00000000 0.00000000 0.00000000 17.00000000
0.719 0.00000000	 1.00000000 0.00000000 0.00000000 0.00000000 17.00000000
0.720 0.00000000	 1.00000000 0.00000000 0.00000000 0.00000000 18.00000000
0.721 0.00000000	 1.00000000 0.00000000 0.00000000 0.00000000 17.00000000
0.722 0.00000000	 1.00000000 0.00000000 0.00000000 0.00000000 17.00000000
0.723 0.00000000	 1.00000000 0.00000000 0.00000000 0.00000000 17.00000000
0.724 0.00000000	 1.00000000 0.00000000 0.00000000 0.00000000 17.00000000
0.725 0.00000000	 1.00000000 0.00000000 0.00000000 0.00000000 17.00000000
0.726 0.00000000	 1.00000000 0.00000000 0.00000000 0.00000000 17.00000000
0.727 0.00000000	 1.00000000 0.00000000 0.00000000 0.00000000 17.00000000
0.728 0.00000000	 1.00000000 0.00000000 0.00000000 0.00000000 17.00000000
0.729 0.00456324	 0.99543677 0.00000000 0.00000000 0.00000000 17.00000000
0.730 0.14990625	 0.85009375 0.00000000 0.00000000 0.00000000 18.00000000
0.731 0.20242941	 0.79757059 0.00000000 0.00000000 0.00000000 17.00000000
0.732 0.24948456	 0.75051544 0.00000000 0.00000000 0.00000000 17.00000000
0.733 0.28487941	 0.71512059 0.00000000 0.00000000 0.00000000 17.00000000
0.734 0.31910809	 0.68089191 0.00000000 0.00000000 0.00000000 17.00000000
0.735 0.34491765	 0.65508235 0.00000000 0.00000000 0.00000000 17.00000000
0.736 0.36635956	 0.63364044 0.00000000 0.00000000 0.00000000 17.00000000
0.737 0.39124191	 0.60875809 0.00000000 0.00000000 0.00000000 17.00000000
0.738 0.41276691	 0.58723309 0.00000000 0.00000000 0.00000000 17.00000000
0.739 0.43442427	 0.56557573 0.00000000 0.00000000 0.00000000 17.00000000
0.740 0.45669653	 0.54330347 0.00000000 0.00000000 0.00000000 18.00000000
0.741 0.47478529	 0.52521471 0.00000000 0.00000000 0.00000000 17.00000000
0.742 0.49448750	 0.50551250 0.00000000 0.00000000 0.00000000 17.00000000
0.743 0.51375735	 0.48624265 0.00000000 0.00000000 0.00000000 17.00000000
0.744 0.53183970	 0.46816030 0.00000000 0.00000000 0.00000000 17.00000000
0.745 0.54961176	 0.45038824 0.00000000 0.00000000 0.00000000 17.00000000
0.746 0.56733382	 0.43266618 0.00000000 0.00000000 0.00000000 17.00000000
0.747 0.58523382	 0.41476618 0.00000000 0.00000000 0.00000000 17.00000000
0.748 0.60071103	 0.39928897 0.00000000 0.00000000 0.00000000 17.00000000
0.749 0.62018309	 0.37981691 0.00000000 0.00000000 0.00000000 17.00000000
0.750 0.63746908	 0.36253092 0.00000000 0.00000000 0.00000000 19.00000000
0.751 0.65287794	 0.34712206 0.00000000 0.00000000 0.00000000 17.00000000
0.752 0.67275294	 0.32724706 0.00000000 0.00000000 0.00000000 17.00000000
0.753 0.68731618	 0.31268382 0.00000000 0.00000000 0.00000000 17.00000000
0.754 0.70589926	 0.29410074 0.00000000 0.00000000 0.00000000 17.00000000
0.755 0.72100294	 0.27899706 0.00000000 0.00000000 0.00000000 17.00000000
0.756 0.73745809	 0.26254191 0.00000000 0.00000000 0.00000000 17.00000000
0.757 0.75313750	 0.24686250 0.00000000 0.00000000 0.00000000 17.00000000
0.758 0.76867794	 0.23132206 0.00000000 0.00000000 0.00000000 17.00000000
0.759 0.78201544	 0.21798456 0.00000000 0.00000000 0.00000000 17.00000000
0.760 0.79745694	 0.20254305 0.00000000 0.00000000 0.00000000 18.00000000
0.761 0.81281838	 0.18718162 0.00000000 0.00000000 0.00000000 17.00000000
0.762 0.82385294	 0.17614706 0.00000000 0.00000000 0.00000000 17.00000000
0.763 0.83655073	 0.16344927 0.00000000 0.00000000 0.00000000 17.00000000
0.764 0.84828235	 0.15171765 0.00000000 0.00000000 0.00000000 17.00000000
0.765 0.86048750	 0.13951250 0.00000000 0.00000000 0.00000000 17.00000000
0.766 0.87049632	 0.12950367 0.00000000 0.00000000 0.00000000 17.00000000
0.767 0.88020735	 0.11979265 0.00000000 0.00000000 0.00000000 17.00000000
0.768 0.88939853	 0.11060147 0.00000000 0.00000000 0.00000000 17.00000000
0.769 0.89840367	 0.10159633 0.00000000 0.00000000 0.00000000 17.00000000
0.770 0.90674375	 0.09325625 0.00000000 0.00000000 0.00000000 18.00000000
0.771 0.91446838	 0.08553162 0.00000000 0.00000000 0.00000000 17.00000000
0.772 0.92103309	 0.07896691 0.00000000 0.00000000 0.00000000 17.00000000
0.773 0.92748603	 0.07251397 0.00000000 0.00000000 0.00000000 17.00000000
0.774 0.93295588	 0.06704412 0.00000000 0.00000000 0.00000000 17.00000000
0.775 0.93834118	 0.06165882 0.00000000 0.00000000 0.00000000 17.00000000
0.776 0.94256544	 0.05743456 0.00000000 0.00000000 0.00000000 17.00000000
0.777 0.94698088	 0.05301912 0.00000000 0.00000000 0.00000000 17.00000000
0.778 0.95135588	 0.04864412 0.00000000 0.00000000 0.00000000 17.00000000
0.779 0.95482132	 0.04517868 0.00000000 0.00000000 0.00000000 17.00000000
0.780 0.95833403	 0.04166597 0.00000000 0.00000000 0.00000000 18.00000000
0.781 0.96112867	 0.03887132 0.00000000 0.00000000 0.00000000 17.00000000
0.782 0.96361691	 0.03638309 0.00000000 0.00000000 0.00000000 17.00000000
0.783 0.96658162	 0.03341838 0.00000000 0.00000000 0.00000000 17.00000000
0.784 0.96892500	 0.03107500 0.00000000 0.00000000 0.00000000 17.00000000
0.785 0.97116691	 0.02883309 0.00000000 0.00000000 0.00000000 17.00000000
0.786 0.97264338	 0.02735662 0.00000000 0.00000000 0.00000000 17.00000000
0.787 0.97506103	 0.02493897 0.00000000 0.00000000 0.00000000 17.00000000
0.788 0.97671103	 0.02328897 0.00000000 0.00000000 0.00000000 17.00000000
0.789 0.97790147	 0.02209853 0.00000000 0.00000000 0.00000000 17.00000000
0.790 0.97948382	 0.02051618 0.00000000 0.00000000 0.00000000 17.00000000
0.791 0.98117969	 0.01882031 0.00000000 0.00000000 0.00000000 16.00000000
0.792 0.98182891	 0.01817109 0.00000000 0.00000000 0.00000000 16.00000000
0.793 0.98293750	 0.01706250 0.00000000 0.00000000 0.00000000 16.00000000
0.794 0.98419609	 0.01580391 0.00000000 0.00000000 0.00000000 16.00000000
0.795 0.98505938	 0.01494063 0.00000000 0.00000000 0.00000000 16.00000000
0.796 0.98627109	 0.01372891 0.00000000 0.00000000 0.00000000 16.00000000
0.797 0.98684687	 0.01315313 0.00000000 0.00000000 0.00000000 16.00000000
0.798 0.98774297	 0.01225703 0.00000000 0.00000000 0.00000000 16.00000000
0.799 0.98846172	 0.01153828 0.00000000 0.00000000 0.00000000 16.00000000
0.800 0.98870833	 0.01129167 0.00000000 0.00000000 0.00000000 18.00000000
0.801 0.98980000	 0.01020000 0.00000000 0.00000000 0.00000000 16.00000000
0.802 0.99018359	 0.00981641 0.00000000 0.00000000 0.00000000 16.00000000
0.803 0.99076016	 0.00923984 0.00000000 0.00000000 0.00000000 16.00000000
0.804 0.99126172	 0.00873828 0.00000000 0.00000000 0.00000000 16.00000000
0.805 0.99164766	 0.00835234 0.00000000 0.00000000 0.00000000 16.00000000
0.806 0.99235000	 0.00765000 0.00000000 0.00000000 0.00000000 16.00000000
0.807 0.99260938	 0.00739062 0.00000000 0.00000000 0.00000000 16.00000000
0.808 0.99301250	 0.00698750 0.00000000 0.00000000 0.00000000 16.00000000
0.809 0.99371484	 0.00628516 0.00000000 0.00000000 0.00000000 16.00000000
0.810 0.99377868	 0.00622132 0.00000000 0.00000000 0.00000000 17.00000000
0.811 0.99416953	 0.00583047 0.00000000 0.00000000 0.00000000 16.00000000
0.812 0.99450391	 0.00549609 0.00000000 0.00000000 0.00000000 16.00000000
0.813 0.99471953	 0.00528047 0.00000000 0.00000000 0.00000000 16.00000000
0.814 0.99507109	 0.00492891 0.00000000 0.00000000 0.00000000 16.00000000
0.815 0.99533672	 0.00466328 0.00000000 0.00000000 0.00000000 16.00000000
0.816 0.99566016	 0.00433984 0.00000000 0.00000000 0.00000000 16.00000000
0.817 0.99604141	 0.00395859 0.00000000 0.00000000 0.00000000 16.00000000
0.818 0.99600625	 0.00399375 0.00000000 0.00000000 0.00000000 16.00000000
0.819 0.99641484	 0.00358516 0.00000000 0.00000000 0.00000000 16.00000000
0.820 0.99669118	 0.00330882 0.00000000 0.00000000 0.00000000 17.00000000
0.830 0.99890000	 0.00110000 0.00000000 0.00000000 0.00000000 1.00000000
0.840 1.00000000	 0.00000000 0.00000000 0.00000000 0.00000000 1.00000000
0.850 1.00000000	 0.00000000 0.00000000 0.00000000 0.00000000 2.00000000
0.860 1.00000000	 0.00000000 0.00000000 0.00000000 0.00000000 1.00000000
0.870 1.00000000	 0.00000000 0.00000000 0.00000000 0.00000000 1.00000000
0.880 1.00000000	 0.00000000 0.00000000 0.00000000 0.00000000 1.00000000
0.890 1.00000000	 0.00000000 0.00000000 0.00000000 0.00000000 1.00000000
0.900 1.00000000	 0.00000000 0.00000000 0.00000000 0.00000000 2.00000000
0.910 1.00000000	 0.00000000 0.00000000 0.00000000 0.00000000 1.00000000
0.920 1.00000000	 0.00000000 0.00000000 0.00000000 0.00000000 1.00000000
0.930 1.00000000	 0.00000000 0.00000000 0.00000000 0.00000000 1.00000000
0.940 1.00000000	 0.00000000 0.00000000 0.00000000 0.00000000 1.00000000
0.950 1.00000000	 0.00000000 0.00000000 0.00000000 0.00000000 2.00000000
0.960 1.00000000	 0.00000000 0.00000000 0.00000000 0.00000000 1.00000000
0.970 1.00000000	 0.00000000 0.00000000 0.00000000 0.00000000 1.00000000
0.980 1.00000000	 0.00000000 0.00000000 0.00000000 0.00000000 1.00000000
0.990 1.00000000	 0.00000000 0.00000000 0.00000000 0.00000000 1.00000000
1.000 1.00000000	 0.00000000 0.00000000 0.00000000 0.00000000 2.00000000
