0.000000 0.000000 0.000000 1.000000 0.000000 9.000000
0.100000 0.000000 0.000000 1.000000 0.000000 9.000000
0.200000 0.000000 0.000000 1.000000 0.000000 9.000000
0.300000 0.000000 0.000000 1.000000 0.000000 9.000000
0.400000 0.000000 0.000000 1.000000 0.000000 9.000000
0.500000 0.000000 0.000000 1.000000 0.000000 9.000000
0.600000 0.000000 0.000000 1.000000 0.000000 9.000000
0.700000 0.000000 0.000000 1.000000 0.000000 9.000000
0.800000 0.000000 0.000000 1.000000 0.000000 9.000000
0.900000 0.000000 0.000000 1.000000 0.000000 9.000000
1.000000 0.000000 0.000000 1.000000 0.000000 9.000000
1.100000 0.000000 0.000000 1.000000 0.000000 9.000000
1.200000 0.000000 0.000000 1.000000 0.000000 9.000000
1.300000 0.000000 0.000000 1.000000 0.000000 9.000000
1.400000 0.000000 0.000000 1.000000 0.000000 9.000000
1.500000 0.000000 0.000000 1.000000 0.000000 9.000000
1.600000 0.000000 0.000000 1.000000 0.000000 9.000000
1.700000 0.000000 0.000000 1.000000 0.000000 9.000000
1.800000 0.000000 0.000000 1.000000 0.000000 9.000000
1.900000 0.000000 0.000000 1.000000 0.000000 9.000000
2.000000 0.000000 0.000000 1.000000 0.000000 9.000000
2.100000 0.000000 0.000000 1.000000 0.000000 9.000000
2.200000 0.000000 0.000000 1.000000 0.000000 9.000000
2.300000 0.000000 0.000000 1.000000 0.000000 9.000000
2.400000 0.000000 0.000000 1.000000 0.000000 9.000000
2.500000 0.000000 0.000000 1.000000 0.000000 9.000000
2.600000 0.000000 0.000000 1.000000 0.000000 9.000000
2.700000 0.000000 0.000000 1.000000 0.000000 9.000000
2.800000 0.000000 0.000000 1.000000 0.000000 9.000000
2.900000 0.000000 0.000000 1.000000 0.000000 9.000000
3.000000 0.000000 0.000000 1.000000 0.000000 9.000000
3.100000 0.000000 0.000000 1.000000 0.000000 9.000000
3.200000 0.000000 0.000000 1.000000 0.000000 9.000000
3.300000 0.000000 0.000000 1.000000 0.000000 9.000000
3.400000 0.000000 0.000000 1.000000 0.000000 9.000000
3.500000 0.000000 0.000000 1.000000 0.000000 9.000000
3.600000 0.000000 0.000000 1.000000 0.000000 9.000000
3.700000 0.000000 0.000000 1.000000 0.000000 9.000000
3.800000 0.000000 0.000000 1.000000 0.000000 9.000000
3.900000 0.000000 0.000000 1.000000 0.000000 9.000000
4.000000 0.000000 0.000000 1.000000 0.000000 9.000000
4.100000 0.000000 0.000000 1.000000 0.000000 9.000000
4.200000 0.000000 0.000000 1.000000 0.000000 9.000000
4.300000 0.000000 0.000000 1.000000 0.000000 9.000000
4.400000 0.000000 0.000000 1.000000 0.000000 9.000000
4.500000 0.000000 0.000000 1.000000 0.000000 9.000000
4.600000 0.000000 0.000000 1.000000 0.000000 9.000000
4.700000 0.000000 0.000000 1.000000 0.000000 9.000000
4.800000 0.000000 0.000000 1.000000 0.000000 9.000000
4.900000 0.000000 0.000000 1.000000 0.000000 9.000000
5.000000 0.000000 0.000000 1.000000 0.000000 9.000000
5.100000 0.000000 0.000000 1.000000 0.000000 9.000000
5.200000 0.000000 0.000000 1.000000 0.000000 9.000000
5.300000 0.000000 0.000000 1.000000 0.000000 9.000000
5.400000 0.000000 0.299194 0.700806 0.000000 9.000000
5.500000 0.000000 0.413956 0.586044 0.000000 9.000000
5.600000 0.000000 0.500950 0.499050 0.000000 9.000000
5.700000 0.000000 0.537050 0.462950 0.000000 9.000000
5.800000 0.000000 0.582214 0.417786 0.000000 9.000000
5.900000 0.000000 0.622967 0.377033 0.000000 9.000000
6.000000 0.000000 0.635189 0.364811 0.000000 9.000000
6.100000 0.000000 0.648303 0.351697 0.000000 9.000000
6.200000 0.000000 0.670614 0.329386 0.000000 9.000000
6.300000 0.000000 0.699375 0.300625 0.000000 9.000000
6.400000 0.000000 0.715819 0.284181 0.000000 9.000000
6.500000 0.000000 0.724361 0.275639 0.000000 9.000000
6.600000 0.000000 0.733497 0.266503 0.000000 9.000000
6.700000 0.000000 0.749653 0.250347 0.000000 8.000000
6.800000 0.000000 0.780716 0.219284 0.000000 8.000000
6.900000 0.000000 0.801725 0.198275 0.000000 8.000000
7.000000 0.000000 0.809541 0.190459 0.000000 8.000000
7.100000 0.000000 0.815322 0.184678 0.000000 8.000000
7.200000 0.000000 0.825147 0.174853 0.000000 8.000000
7.300000 0.000000 0.842222 0.157778 0.000000 8.000000
7.400000 0.000000 0.868888 0.131112 0.000000 8.000000
7.500000 0.000000 0.894791 0.105209 0.000000 8.000000
7.600000 0.000000 0.911666 0.088334 0.000000 8.000000
7.700000 0.000000 0.911128 0.088872 0.000000 8.000000
7.800000 0.000000 0.916166 0.083834 0.000000 8.000000
7.900000 0.000000 0.917878 0.082122 0.000000 8.000000
8.000000 0.000000 0.931959 0.068041 0.000000 8.000000
8.100000 0.000000 0.948197 0.051803 0.000000 8.000000
8.200000 0.000000 0.963519 0.036481 0.000000 8.000000
8.300000 0.000000 0.968997 0.031003 0.000000 8.000000
8.400000 0.000000 0.972581 0.027419 0.000000 8.000000
8.500000 0.000000 0.972812 0.027187 0.000000 8.000000
8.600000 0.000000 0.973425 0.026575 0.000000 8.000000
8.700000 0.000000 0.974922 0.025078 0.000000 8.000000
8.800000 0.000000 0.975078 0.024922 0.000000 8.000000
8.900000 0.000000 0.979466 0.020534 0.000000 8.000000
9.000000 0.000000 0.983147 0.016853 0.000000 8.000000
9.100000 0.000000 0.984656 0.015344 0.000000 8.000000
9.200000 0.000000 0.986934 0.013066 0.000000 8.000000
9.300000 0.000000 0.987100 0.012900 0.000000 8.000000
9.400000 0.000000 0.987637 0.012362 0.000000 8.000000
9.500000 0.000000 0.987772 0.012228 0.000000 8.000000
