1.000 1.00000000	 0.00000000 0.00000000 0.00000000 0.00000000 36.00000000
1.010 1.00000000	 0.00000000 0.00000000 0.00000000 0.00000000 12.00000000
1.020 1.00000000	 0.00000000 0.00000000 0.00000000 0.00000000 12.00000000
1.030 1.00000000	 0.00000000 0.00000000 0.00000000 0.00000000 12.00000000
1.040 1.00000000	 0.00000000 0.00000000 0.00000000 0.00000000 12.00000000
1.050 1.00000000	 0.00000000 0.00000000 0.00000000 0.00000000 41.00000000
1.060 1.00000000	 0.00000000 0.00000000 0.00000000 0.00000000 12.00000000
1.070 1.00000000	 0.00000000 0.00000000 0.00000000 0.00000000 12.00000000
1.080 1.00000000	 0.00000000 0.00000000 0.00000000 0.00000000 12.00000000
1.090 1.00000000	 0.00000000 0.00000000 0.00000000 0.00000000 12.00000000
1.100 1.00000000	 0.00000000 0.00000000 0.00000000 0.00000000 36.00000000
1.110 1.00000000	 0.00000000 0.00000000 0.00000000 0.00000000 12.00000000
1.120 1.00000000	 0.00000000 0.00000000 0.00000000 0.00000000 12.00000000
1.130 1.00000000	 0.00000000 0.00000000 0.00000000 0.00000000 12.00000000
1.140 1.00000000	 0.00000000 0.00000000 0.00000000 0.00000000 12.00000000
1.150 1.00000000	 0.00000000 0.00000000 0.00000000 0.00000000 41.00000000
1.160 1.00000000	 0.00000000 0.00000000 0.00000000 0.00000000 12.00000000
1.170 1.00000000	 0.00000000 0.00000000 0.00000000 0.00000000 12.00000000
1.180 1.00000000	 0.00000000 0.00000000 0.00000000 0.00000000 12.00000000
1.190 1.00000000	 0.00000000 0.00000000 0.00000000 0.00000000 12.00000000
1.200 0.99999653	 0.00000347 0.00000000 0.00000000 0.00000000 36.00000000
1.210 0.99981058	 0.00018942 0.00000000 0.00000000 0.00000000 13.00000000
1.220 0.99883750	 0.00116250 0.00000000 0.00000000 0.00000000 14.00000000
1.230 0.99764479	 0.00235521 0.00000000 0.00000000 0.00000000 12.00000000
1.240 0.99613942	 0.00386058 0.00000000 0.00000000 0.00000000 13.00000000
1.250 0.99437561	 0.00562439 0.00000000 0.00000000 0.00000000 41.00000000
1.260 0.99117981	 0.00882019 0.00000000 0.00000000 0.00000000 13.00000000
1.270 0.98665417	 0.01334583 0.00000000 0.00000000 0.00000000 12.00000000
1.280 0.97774808	 0.02225192 0.00000000 0.00000000 0.00000000 13.00000000
1.290 0.96133542	 0.03866459 0.00000000 0.00000000 0.00000000 12.00000000
1.300 0.93014536	 0.06985464 0.00000000 0.00000000 0.00000000 35.00000000
1.310 0.87429792	 0.12570208 0.00000000 0.00000000 0.00000000 12.00000000
1.320 0.80127500	 0.19872500 0.00000000 0.00000000 0.00000000 13.00000000
1.330 0.72926875	 0.27073125 0.00000000 0.00000000 0.00000000 12.00000000
1.340 0.67242788	 0.32757212 0.00000000 0.00000000 0.00000000 13.00000000
1.350 0.62973628	 0.37026372 0.00000000 0.00000000 0.00000000 41.00000000
1.360 0.59779231	 0.40220769 0.00000000 0.00000000 0.00000000 13.00000000
1.370 0.57166042	 0.42833958 0.00000000 0.00000000 0.00000000 12.00000000
1.380 0.55218077	 0.44781923 0.00000000 0.00000000 0.00000000 13.00000000
1.390 0.53512812	 0.46487188 0.00000000 0.00000000 0.00000000 12.00000000
1.400 0.52031607	 0.47968393 0.00000000 0.00000000 0.00000000 35.00000000
1.410 0.50730729	 0.49269271 0.00000000 0.00000000 0.00000000 12.00000000
1.420 0.49519615	 0.50480385 0.00000000 0.00000000 0.00000000 13.00000000
1.430 0.48341146	 0.51658854 0.00000000 0.00000000 0.00000000 12.00000000
1.440 0.46916154	 0.53083846 0.00000000 0.00000000 0.00000000 13.00000000
1.450 0.45449543	 0.54550458 0.00000000 0.00000000 0.00000000 41.00000000
1.460 0.43727308	 0.56272692 0.00000000 0.00000000 0.00000000 13.00000000
1.470 0.42019479	 0.57980521 0.00000000 0.00000000 0.00000000 12.00000000
1.480 0.40025769	 0.59974231 0.00000000 0.00000000 0.00000000 13.00000000
1.490 0.37941771	 0.62058229 0.00000000 0.00000000 0.00000000 12.00000000
1.500 0.35689179	 0.64310821 0.00000000 0.00000000 0.00000000 35.00000000
1.510 0.33524479	 0.66475521 0.00000000 0.00000000 0.00000000 12.00000000
1.520 0.31415865	 0.68584135 0.00000000 0.00000000 0.00000000 13.00000000
1.530 0.29546979	 0.70453021 0.00000000 0.00000000 0.00000000 12.00000000
1.540 0.27686442	 0.72313558 0.00000000 0.00000000 0.00000000 13.00000000
1.550 0.26160945	 0.73839055 0.00000000 0.00000000 0.00000000 41.00000000
1.560 0.24906539	 0.75093461 0.00000000 0.00000000 0.00000000 13.00000000
1.570 0.23822083	 0.76177917 0.00000000 0.00000000 0.00000000 12.00000000
1.580 0.22826923	 0.77173077 0.00000000 0.00000000 0.00000000 13.00000000
1.590 0.22088542	 0.77911458 0.00000000 0.00000000 0.00000000 12.00000000
1.600 0.21426536	 0.78573464 0.00000000 0.00000000 0.00000000 35.00000000
1.610 0.20895000	 0.79105000 0.00000000 0.00000000 0.00000000 12.00000000
1.620 0.20382614	 0.79617386 0.00000000 0.00000000 0.00000000 11.00000000
1.630 0.19973333	 0.80026666 0.00000000 0.00000000 0.00000000 12.00000000
1.640 0.19587614	 0.80412386 0.00000000 0.00000000 0.00000000 11.00000000
1.650 0.19183780	 0.80816220 0.00000000 0.00000000 0.00000000 41.00000000
1.660 0.18699886	 0.81300114 0.00000000 0.00000000 0.00000000 11.00000000
1.670 0.18549167	 0.81450833 0.00000000 0.00000000 0.00000000 12.00000000
1.680 0.18306705	 0.81693295 0.00000000 0.00000000 0.00000000 11.00000000
1.690 0.17904479	 0.82095521 0.00000000 0.00000000 0.00000000 12.00000000
1.700 0.17622000	 0.82378000 0.00000000 0.00000000 0.00000000 35.00000000
1.710 0.17421563	 0.82578438 0.00000000 0.00000000 0.00000000 12.00000000
1.720 0.16787955	 0.83212045 0.00000000 0.00000000 0.00000000 11.00000000
1.730 0.16687292	 0.83312708 0.00000000 0.00000000 0.00000000 12.00000000
1.740 0.16145682	 0.83854318 0.00000000 0.00000000 0.00000000 11.00000000
1.750 0.15706562	 0.84293437 0.00000000 0.00000000 0.00000000 40.00000000
1.760 0.15185341	 0.84814659 0.00000000 0.00000000 0.00000000 11.00000000
1.770 0.14394167	 0.85605833 0.00000000 0.00000000 0.00000000 12.00000000
1.780 0.13860113	 0.86139886 0.00000000 0.00000000 0.00000000 11.00000000
1.790 0.13060209	 0.86939791 0.00000000 0.00000000 0.00000000 12.00000000
1.800 0.12062500	 0.87937500 0.00000000 0.00000000 0.00000000 35.00000000
1.810 0.11015000	 0.88985000 0.00000000 0.00000000 0.00000000 12.00000000
1.820 0.09331705	 0.90668295 0.00000000 0.00000000 0.00000000 11.00000000
1.830 0.07656667	 0.92343333 0.00000000 0.00000000 0.00000000 12.00000000
1.835 0.06227500	 0.93772500 0.00000000 0.00000000 0.00000000 10.00000000
1.840 0.04683295	 0.95316705 0.00000000 0.00000000 0.00000000 11.00000000
1.842 0.03560625	 0.96439375 0.00000000 0.00000000 0.00000000 10.00000000
1.844 0.01176125	 0.98823875 0.00000000 0.00000000 0.00000000 10.00000000
1.845 0.00189875	 0.99810125 0.00000000 0.00000000 0.00000000 10.00000000
1.850 0.00000000	 1.00000000 0.00000000 0.00000000 0.00000000 40.00000000
1.860 0.00000000	 1.00000000 0.00000000 0.00000000 0.00000000 11.00000000
1.870 0.00000000	 1.00000000 0.00000000 0.00000000 0.00000000 11.00000000
1.880 0.00000000	 1.00000000 0.00000000 0.00000000 0.00000000 11.00000000
1.890 0.00000000	 1.00000000 0.00000000 0.00000000 0.00000000 11.00000000
1.900 0.00000000	 1.00000000 0.00000000 0.00000000 0.00000000 35.00000000
1.910 0.00000000	 1.00000000 0.00000000 0.00000000 0.00000000 11.00000000
1.920 0.00000000	 1.00000000 0.00000000 0.00000000 0.00000000 11.00000000
1.930 0.00000000	 1.00000000 0.00000000 0.00000000 0.00000000 11.00000000
1.940 0.00000000	 1.00000000 0.00000000 0.00000000 0.00000000 11.00000000
1.950 0.00000000	 1.00000000 0.00000000 0.00000000 0.00000000 39.00000000
1.960 0.00000000	 1.00000000 0.00000000 0.00000000 0.00000000 11.00000000
1.970 0.00000000	 1.00000000 0.00000000 0.00000000 0.00000000 11.00000000
1.980 0.00000000	 1.00000000 0.00000000 0.00000000 0.00000000 11.00000000
1.990 0.00000000	 1.00000000 0.00000000 0.00000000 0.00000000 11.00000000
2.000 0.00000000	 1.00000000 0.00000000 0.00000000 0.00000000 35.00000000
