4.200000 0.000000 0.200000 0.000000 0.000000 1.000000 110.000000
4.210000 0.000000 0.200000 0.000000 0.000000 1.000000 97.000000
4.220000 0.000000 0.200000 0.000000 0.000000 1.000000 95.000000
4.230000 0.000000 0.200000 0.000000 0.000000 1.000000 91.000000
4.240000 0.000000 0.200000 0.000000 0.000000 1.000000 91.000000
4.250000 0.000000 0.200000 0.000000 0.000000 1.000000 89.000000
4.260000 0.000000 0.200000 0.000000 0.000000 1.000000 97.000000
4.270000 0.000000 0.200000 0.000000 0.000000 1.000000 93.000000
4.280000 0.000000 0.200000 0.000000 0.000000 1.000000 100.000000
4.290000 0.000000 0.200000 0.000000 0.000000 1.000000 101.000000
4.300000 0.000000 0.200000 0.000000 0.000000 1.000000 103.000000
4.310000 0.000000 0.200000 0.019623 0.033021 0.980377 104.000000
4.320000 0.000000 0.200000 0.100143 0.032629 0.899857 107.000000
4.330000 0.000000 0.200000 0.134967 0.018756 0.865033 109.000000
4.340000 0.000000 0.200000 0.164204 0.013468 0.835796 105.000000
4.350000 0.000000 0.200000 0.185703 0.012309 0.814297 106.000000
4.360000 0.000000 0.200000 0.201491 0.011164 0.798509 105.000000
4.370000 0.000000 0.200000 0.217813 0.011053 0.782187 107.000000
4.380000 0.000000 0.200000 0.233591 0.010952 0.766409 109.000000
4.390000 0.000000 0.200000 0.247297 0.011902 0.752703 108.000000
4.400000 0.000000 0.200000 0.260580 0.010009 0.739420 109.000000
4.410000 0.000000 0.200000 0.271790 0.012675 0.728210 108.000000
4.420000 0.000000 0.200000 0.283015 0.010376 0.716985 108.000000
4.430000 0.000000 0.200000 0.295154 0.009444 0.704846 107.000000
4.440000 0.000000 0.200000 0.305992 0.010048 0.694008 106.000000
4.450000 0.000000 0.200000 0.315133 0.009847 0.684867 109.000000
4.460000 0.000000 0.200000 0.324453 0.009600 0.675547 110.000000
4.470000 0.000000 0.200000 0.333230 0.009720 0.666770 108.000000
4.480000 0.000000 0.200000 0.341736 0.009856 0.658264 108.000000
4.490000 0.000000 0.200000 0.351699 0.008682 0.648301 109.000000
4.500000 0.000000 0.200000 0.358743 0.008621 0.641257 105.000000
4.510000 0.000000 0.200000 0.365020 0.008813 0.634980 106.000000
4.520000 0.000000 0.200000 0.374238 0.007939 0.625762 110.000000
4.530000 0.000000 0.200000 0.382363 0.007826 0.617637 106.000000
4.540000 0.000000 0.200000 0.390322 0.007693 0.609678 108.000000
4.550000 0.000000 0.200000 0.390857 0.015971 0.609143 109.000000
4.560000 0.000000 0.200000 0.353264 0.021405 0.646736 108.000000
4.570000 0.000000 0.200000 0.333477 0.014950 0.666523 104.000000
4.580000 0.000000 0.200000 0.317934 0.034905 0.682066 107.000000
4.590000 0.000000 0.200000 0.298128 0.043871 0.701872 107.000000
4.600000 0.000000 0.200000 0.228331 0.070423 0.771669 108.000000
4.610000 0.000000 0.200000 0.179829 0.015708 0.820171 108.000000
4.620000 0.000000 0.200000 0.204579 0.011244 0.795421 107.000000
4.630000 0.000000 0.200000 0.228681 0.010875 0.771319 108.000000
4.640000 0.000000 0.200000 0.248426 0.009934 0.751574 108.000000
4.650000 0.000000 0.200000 0.267980 0.009106 0.732020 106.000000
4.660000 0.000000 0.200000 0.283009 0.010233 0.716991 107.000000
4.670000 0.000000 0.200000 0.300749 0.009465 0.699251 108.000000
4.680000 0.000000 0.200000 0.314879 0.009728 0.685121 109.000000
4.690000 0.000000 0.200000 0.329452 0.008939 0.670548 110.000000
4.700000 0.000000 0.200000 0.341814 0.007962 0.658186 109.000000
4.710000 0.000000 0.200000 0.356718 0.008829 0.643282 106.000000
4.720000 0.000000 0.200000 0.368445 0.008542 0.631555 109.000000
4.730000 0.000000 0.200000 0.378828 0.008910 0.621172 108.000000
4.740000 0.000000 0.200000 0.391018 0.008197 0.608982 107.000000
4.750000 0.000000 0.200000 0.402676 0.006946 0.597324 107.000000
4.760000 0.000000 0.200000 0.416209 0.011149 0.583791 109.000000
4.770000 0.000000 0.200000 0.424752 0.055426 0.575248 110.000000
4.780000 0.000000 0.200000 0.451445 0.044773 0.548555 109.000000
4.790000 0.000000 0.200000 0.451079 0.035251 0.548921 107.000000
4.800000 0.000000 0.200000 0.434149 0.046001 0.565851 109.000000
4.810000 0.000000 0.200000 0.413508 0.045377 0.586492 109.000000
4.820000 0.000000 0.200000 0.369130 0.054201 0.630870 107.000000
4.830000 0.000000 0.200000 0.286074 0.010108 0.713926 107.000000
4.840000 0.000000 0.200000 0.315629 0.008014 0.684371 107.000000
4.850000 0.000000 0.200000 0.344020 0.009137 0.655980 110.000000
4.860000 0.000000 0.200000 0.369694 0.008494 0.630306 108.000000
4.870000 0.000000 0.200000 0.391974 0.009376 0.608026 108.000000
4.880000 0.000000 0.200000 0.414926 0.008023 0.585074 109.000000
4.890000 0.000000 0.200000 0.435182 0.006984 0.564818 109.000000
4.900000 0.000000 0.200000 0.456780 0.007074 0.543220 110.000000
4.910000 0.000000 0.200000 0.475520 0.006900 0.524480 108.000000
4.920000 0.000000 0.200000 0.494139 0.006485 0.505861 110.000000
4.930000 0.000000 0.200000 0.514102 0.007106 0.485898 109.000000
4.940000 0.000000 0.200000 0.530858 0.006096 0.469142 109.000000
4.950000 0.000000 0.200000 0.550912 0.006366 0.449088 109.000000
4.960000 0.000000 0.200000 0.568618 0.005944 0.431382 109.000000
4.970000 0.000000 0.200000 0.585684 0.006750 0.414316 108.000000
4.980000 0.000000 0.200000 0.602845 0.005731 0.397155 107.000000
4.990000 0.000000 0.200000 0.620415 0.005820 0.379585 109.000000
5.000000 0.000000 0.200000 0.636524 0.005008 0.363476 109.000000
5.010000 0.000000 0.200000 0.654982 0.005376 0.345018 109.000000
5.020000 0.000000 0.200000 0.670589 0.005423 0.329411 109.000000
5.030000 0.000000 0.200000 0.688253 0.005046 0.311747 110.000000
5.040000 0.000000 0.200000 0.704526 0.005351 0.295474 108.000000
5.050000 0.000000 0.200000 0.720260 0.004781 0.279740 110.000000
5.060000 0.000000 0.200000 0.736496 0.005127 0.263504 108.000000
5.070000 0.000000 0.200000 0.752539 0.004578 0.247461 109.000000
5.080000 0.000000 0.200000 0.768067 0.003916 0.231933 108.000000
5.090000 0.000000 0.200000 0.782707 0.004479 0.217293 109.000000
5.100000 0.000000 0.200000 0.796700 0.004092 0.203300 106.000000
5.110000 0.000000 0.200000 0.810835 0.004158 0.189165 110.000000
5.120000 0.000000 0.200000 0.823995 0.004330 0.176005 109.000000
5.130000 0.000000 0.200000 0.837178 0.003732 0.162822 109.000000
5.140000 0.000000 0.200000 0.848520 0.003679 0.151480 109.000000
5.150000 0.000000 0.200000 0.859988 0.003539 0.140012 110.000000
5.160000 0.000000 0.200000 0.870568 0.003496 0.129432 109.000000
5.170000 0.000000 0.200000 0.880659 0.003307 0.119341 110.000000
5.180000 0.000000 0.200000 0.890442 0.003003 0.109558 108.000000
5.190000 0.000000 0.200000 0.899216 0.002920 0.100784 109.000000
5.200000 0.000000 0.200000 0.906659 0.002830 0.093341 108.000000
5.210000 0.000000 0.200000 0.913658 0.000785 0.086342 10.000000
5.220000 0.000000 0.200000 0.920815 0.002304 0.079185 10.000000
5.230000 0.000000 0.200000 0.926623 0.002442 0.073378 10.000000
5.240000 0.000000 0.200000 0.932545 0.003769 0.067455 10.000000
5.250000 0.000000 0.200000 0.938520 0.002546 0.061480 10.000000
5.260000 0.000000 0.200000 0.942830 0.002569 0.057170 10.000000
5.270000 0.000000 0.200000 0.945572 0.001495 0.054428 10.000000
5.280000 0.000000 0.200000 0.950425 0.002110 0.049575 10.000000
5.290000 0.000000 0.200000 0.954210 0.002434 0.045790 10.000000
5.300000 0.000000 0.200000 0.958335 0.001853 0.041665 10.000000
5.310000 0.000000 0.200000 0.960815 0.001901 0.039185 10.000000
5.320000 0.000000 0.200000 0.964056 0.001540 0.035944 9.000000
5.330000 0.000000 0.200000 0.966797 0.001215 0.033202 10.000000
5.340000 0.000000 0.200000 0.969620 0.001392 0.030380 10.000000
5.350000 0.000000 0.200000 0.970465 0.001183 0.029535 10.000000
5.360000 0.000000 0.200000 0.972795 0.001664 0.027205 10.000000
5.370000 0.000000 0.200000 0.975355 0.000930 0.024645 10.000000
5.380000 0.000000 0.200000 0.976428 0.001273 0.023573 10.000000
5.390000 0.000000 0.200000 0.978053 0.001355 0.021948 10.000000
5.400000 0.000000 0.200000 0.979707 0.001630 0.020292 10.000000
5.410000 0.000000 0.200000 0.981560 0.001862 0.018440 10.000000
5.420000 0.000000 0.200000 0.982955 0.001878 0.017045 10.000000
5.430000 0.000000 0.200000 0.986290 0.001806 0.013710 10.000000
5.440000 0.000000 0.200000 0.987592 0.001560 0.012407 10.000000
5.450000 0.000000 0.200000 0.989605 0.002280 0.010395 10.000000
5.460000 0.000000 0.200000 0.989735 0.002131 0.010265 10.000000
5.470000 0.000000 0.200000 0.992147 0.000915 0.007853 10.000000
5.480000 0.000000 0.200000 0.994317 0.004051 0.005683 10.000000
5.490000 0.000000 0.200000 0.995738 0.004793 0.004262 10.000000
5.500000 0.000000 0.200000 0.998452 0.003311 0.001547 10.000000
