3.000000 0.100000 0.100000 0.000000 1.000000 0.000000 81.000000
3.010000 0.100000 0.100000 0.000000 1.000000 0.000000 81.000000
3.020000 0.100000 0.100000 0.000000 1.000000 0.000000 81.000000
3.030000 0.100000 0.100000 0.000000 1.000000 0.000000 81.000000
3.040000 0.100000 0.100000 0.000000 1.000000 0.000000 81.000000
3.050000 0.100000 0.100000 0.000000 1.000000 0.000000 81.000000
3.060000 0.100000 0.100000 0.000000 1.000000 0.000000 81.000000
3.070000 0.100000 0.100000 0.000000 1.000000 0.000000 81.000000
3.080000 0.100000 0.100000 0.000000 1.000000 0.000000 81.000000
3.090000 0.100000 0.100000 0.000000 1.000000 0.000000 81.000000
3.100000 0.100000 0.100000 0.000000 1.000000 0.000000 81.000000
3.110000 0.100000 0.100000 0.000000 1.000000 0.000000 81.000000
3.120000 0.100000 0.100000 0.000000 1.000000 0.000000 81.000000
3.130000 0.100000 0.100000 0.000000 1.000000 0.000000 81.000000
3.140000 0.100000 0.100000 0.000000 1.000000 0.000000 81.000000
3.150000 0.100000 0.100000 0.000000 1.000000 0.000000 81.000000
3.160000 0.100000 0.100000 0.000000 1.000000 0.000000 81.000000
3.170000 0.100000 0.100000 0.000000 1.000000 0.000000 81.000000
3.180000 0.100000 0.100000 0.000000 1.000000 0.000000 81.000000
3.190000 0.100000 0.100000 0.000000 1.000000 0.000000 81.000000
3.200000 0.100000 0.100000 0.000000 1.000000 0.000000 81.000000
3.210000 0.100000 0.100000 0.000000 1.000000 0.000000 81.000000
3.220000 0.100000 0.100000 0.000000 1.000000 0.000000 81.000000
3.230000 0.100000 0.100000 0.000000 1.000000 0.000000 81.000000
3.240000 0.100000 0.100000 0.000000 1.000000 0.000000 81.000000
3.250000 0.100000 0.100000 0.000000 1.000000 0.000000 81.000000
3.260000 0.100000 0.100000 0.000000 1.000000 0.000000 81.000000
3.270000 0.100000 0.100000 0.000000 1.000000 0.000000 81.000000
3.280000 0.100000 0.100000 0.000000 1.000000 0.000000 81.000000
3.290000 0.100000 0.100000 0.000000 1.000000 0.000000 81.000000
3.300000 0.100000 0.100000 0.000000 1.000000 0.000000 81.000000
3.310000 0.100000 0.100000 0.000000 1.000000 0.000000 81.000000
3.320000 0.100000 0.100000 0.000000 1.000000 0.000000 81.000000
3.330000 0.100000 0.100000 0.000000 1.000000 0.000000 81.000000
3.340000 0.100000 0.100000 0.000000 1.000000 0.000000 81.000000
3.350000 0.100000 0.100000 0.000000 1.000000 0.000000 81.000000
3.360000 0.100000 0.100000 0.000000 1.000000 0.000000 81.000000
3.370000 0.100000 0.100000 0.000000 1.000000 0.000000 81.000000
3.380000 0.100000 0.100000 0.000000 1.000000 0.000000 81.000000
3.390000 0.100000 0.100000 0.000000 1.000000 0.000000 81.000000
3.400000 0.100000 0.100000 0.000000 1.000000 0.000000 81.000000
3.410000 0.100000 0.100000 0.000000 1.000000 0.000000 81.000000
3.420000 0.100000 0.100000 0.000000 1.000000 0.000000 81.000000
3.430000 0.100000 0.100000 0.000000 1.000000 0.000000 81.000000
3.440000 0.100000 0.100000 0.000000 1.000000 0.000000 81.000000
3.450000 0.100000 0.100000 0.000000 1.000000 0.000000 81.000000
3.460000 0.100000 0.100000 0.000000 1.000000 0.000000 81.000000
3.470000 0.100000 0.100000 0.000000 1.000000 0.000000 81.000000
3.480000 0.100000 0.100000 0.000000 1.000000 0.000000 81.000000
3.490000 0.100000 0.100000 0.000000 1.000000 0.000000 81.000000
3.500000 0.100000 0.100000 0.000000 1.000000 0.000000 81.000000
3.510000 0.100000 0.100000 0.000000 1.000000 0.000000 81.000000
3.520000 0.100000 0.100000 0.000000 1.000000 0.000000 81.000000
3.530000 0.100000 0.100000 0.000000 1.000000 0.000000 81.000000
3.540000 0.100000 0.100000 0.000000 1.000000 0.000000 81.000000
3.550000 0.100000 0.100000 0.000000 1.000000 0.000000 81.000000
3.560000 0.100000 0.100000 0.000000 1.000000 0.000000 81.000000
3.570000 0.100000 0.100000 0.000000 1.000000 0.000000 81.000000
3.580000 0.100000 0.100000 0.000000 1.000000 0.000000 81.000000
3.590000 0.100000 0.100000 0.000000 1.000000 0.000000 81.000000
3.600000 0.100000 0.100000 0.000000 1.000000 0.000000 81.000000
3.610000 0.100000 0.100000 0.000000 1.000000 0.000000 81.000000
3.620000 0.100000 0.100000 0.000000 1.000000 0.000000 81.000000
3.630000 0.100000 0.100000 0.000000 1.000000 0.000000 81.000000
3.640000 0.100000 0.100000 0.000000 1.000000 0.000000 81.000000
3.650000 0.100000 0.100000 0.000000 1.000000 0.000000 81.000000
3.660000 0.100000 0.100000 0.000000 1.000000 0.000000 81.000000
3.670000 0.100000 0.100000 0.000000 1.000000 0.000000 81.000000
3.680000 0.100000 0.100000 0.000000 1.000000 0.000000 81.000000
3.690000 0.100000 0.100000 0.000000 1.000000 0.000000 81.000000
3.700000 0.100000 0.100000 0.000000 1.000000 0.000000 81.000000
3.710000 0.100000 0.100000 0.000000 1.000000 0.000000 81.000000
3.720000 0.100000 0.100000 0.000000 1.000000 0.000000 81.000000
3.730000 0.100000 0.100000 0.000000 1.000000 0.000000 81.000000
3.740000 0.100000 0.100000 0.000000 1.000000 0.000000 81.000000
3.750000 0.100000 0.100000 0.000000 1.000000 0.000000 81.000000
3.760000 0.100000 0.100000 0.000000 1.000000 0.000000 81.000000
3.770000 0.100000 0.100000 0.000000 1.000000 0.000000 81.000000
3.780000 0.100000 0.100000 0.000000 1.000000 0.000000 81.000000
3.790000 0.100000 0.100000 0.000000 1.000000 0.000000 81.000000
3.800000 0.100000 0.100000 0.000000 1.000000 0.000000 81.000000
3.810000 0.100000 0.100000 0.000000 1.000000 0.000000 81.000000
3.820000 0.100000 0.100000 0.000000 1.000000 0.000000 81.000000
3.830000 0.100000 0.100000 0.000000 1.000000 0.000000 81.000000
3.840000 0.100000 0.100000 0.000000 1.000000 0.000000 81.000000
3.850000 0.100000 0.100000 0.000000 1.000000 0.000000 81.000000
3.860000 0.100000 0.100000 0.000000 1.000000 0.000000 81.000000
3.870000 0.100000 0.100000 0.000000 1.000000 0.000000 81.000000
3.880000 0.100000 0.100000 0.000000 1.000000 0.000000 81.000000
3.890000 0.100000 0.100000 0.000000 1.000000 0.000000 81.000000
3.900000 0.100000 0.100000 0.000000 1.000000 0.000000 81.000000
3.910000 0.100000 0.100000 0.000000 1.000000 0.000000 81.000000
3.920000 0.100000 0.100000 0.000000 1.000000 0.000000 81.000000
3.930000 0.100000 0.100000 0.000000 1.000000 0.000000 81.000000
3.940000 0.100000 0.100000 0.000000 1.000000 0.000000 81.000000
3.950000 0.100000 0.100000 0.000000 1.000000 0.000000 81.000000
3.960000 0.100000 0.100000 0.000000 1.000000 0.000000 81.000000
3.970000 0.100000 0.100000 0.000000 1.000000 0.000000 81.000000
3.980000 0.100000 0.100000 0.000000 1.000000 0.000000 81.000000
3.990000 0.100000 0.100000 0.000000 1.000000 0.000000 81.000000
4.000000 0.100000 0.100000 0.000000 1.000000 0.000000 81.000000
4.010000 0.100000 0.100000 0.000000 1.000000 0.000000 81.000000
4.020000 0.100000 0.100000 0.000000 0.904606 0.095394 81.000000
4.030000 0.100000 0.100000 0.000000 0.801825 0.198175 81.000000
4.040000 0.100000 0.100000 0.000000 0.729068 0.270932 81.000000
4.050000 0.100000 0.100000 0.000000 0.684983 0.315017 81.000000
4.060000 0.100000 0.100000 0.000000 0.644708 0.355292 81.000000
4.070000 0.100000 0.100000 0.000000 0.603598 0.396402 81.000000
4.080000 0.100000 0.100000 0.000000 0.563082 0.436918 81.000000
4.090000 0.100000 0.100000 0.000000 0.535212 0.464788 81.000000
4.100000 0.100000 0.100000 0.000000 0.506402 0.493598 81.000000
4.110000 0.100000 0.100000 0.000000 0.477673 0.522327 81.000000
4.120000 0.100000 0.100000 0.000000 0.452865 0.547135 81.000000
4.130000 0.100000 0.100000 0.000000 0.425585 0.574415 81.000000
4.140000 0.100000 0.100000 0.000000 0.400992 0.599008 81.000000
4.150000 0.100000 0.100000 0.000000 0.376679 0.623321 81.000000
4.160000 0.100000 0.100000 0.000000 0.355452 0.644548 81.000000
4.170000 0.100000 0.100000 0.000000 0.332671 0.667329 81.000000
4.180000 0.100000 0.100000 0.000000 0.309527 0.690473 81.000000
4.190000 0.100000 0.100000 0.000000 0.288242 0.711758 81.000000
4.200000 0.100000 0.100000 0.000000 0.270115 0.729885 81.000000
4.210000 0.100000 0.100000 0.000000 0.250858 0.749142 81.000000
4.220000 0.100000 0.100000 0.000000 0.232877 0.767123 81.000000
4.230000 0.100000 0.100000 0.000000 0.216169 0.783831 81.000000
4.240000 0.100000 0.100000 0.000000 0.200332 0.799668 81.000000
4.250000 0.100000 0.100000 0.000000 0.186679 0.813321 81.000000
4.260000 0.100000 0.100000 0.000000 0.172839 0.827161 81.000000
4.270000 0.100000 0.100000 0.000000 0.161127 0.838873 81.000000
4.280000 0.100000 0.100000 0.000000 0.149049 0.850951 81.000000
4.290000 0.100000 0.100000 0.000000 0.140031 0.859969 81.000000
4.300000 0.100000 0.100000 0.000000 0.129384 0.870616 81.000000
4.310000 0.100000 0.100000 0.000000 0.122519 0.877481 81.000000
4.320000 0.100000 0.100000 0.000000 0.112908 0.887092 81.000000
4.330000 0.100000 0.100000 0.000000 0.106702 0.893298 81.000000
4.340000 0.100000 0.100000 0.000000 0.100111 0.899889 81.000000
4.350000 0.100000 0.100000 0.000000 0.094720 0.905280 81.000000
4.360000 0.100000 0.100000 0.000000 0.087969 0.912031 81.000000
4.370000 0.100000 0.100000 0.000000 0.083760 0.916240 81.000000
4.380000 0.100000 0.100000 0.000000 0.079284 0.920716 81.000000
4.390000 0.100000 0.100000 0.000000 0.074847 0.925153 81.000000
4.400000 0.100000 0.100000 0.000000 0.070579 0.929421 81.000000
4.410000 0.100000 0.100000 0.000000 0.066734 0.933266 81.000000
4.420000 0.100000 0.100000 0.000000 0.063660 0.936340 81.000000
4.430000 0.100000 0.100000 0.000000 0.060385 0.939615 81.000000
4.440000 0.100000 0.100000 0.000000 0.056986 0.943014 81.000000
4.450000 0.100000 0.100000 0.000000 0.054544 0.945456 81.000000
4.460000 0.100000 0.100000 0.000000 0.052217 0.947783 81.000000
4.470000 0.100000 0.100000 0.000000 0.049852 0.950148 81.000000
4.480000 0.100000 0.100000 0.000000 0.047573 0.952427 81.000000
4.490000 0.100000 0.100000 0.000000 0.045677 0.954323 81.000000
4.500000 0.100000 0.100000 0.000000 0.043814 0.956186 81.000000
4.510000 0.100000 0.100000 0.000000 0.041902 0.958098 81.000000
4.520000 0.100000 0.100000 0.000000 0.039350 0.960650 81.000000
4.530000 0.100000 0.100000 0.000000 0.038567 0.961433 81.000000
4.540000 0.100000 0.100000 0.000000 0.036443 0.963557 81.000000
4.550000 0.100000 0.100000 0.000000 0.035315 0.964685 81.000000
4.560000 0.100000 0.100000 0.000000 0.033724 0.966276 81.000000
4.570000 0.100000 0.100000 0.000000 0.031879 0.968121 81.000000
4.580000 0.100000 0.100000 0.000000 0.031409 0.968591 81.000000
4.590000 0.100000 0.100000 0.000000 0.030077 0.969923 81.000000
4.600000 0.100000 0.100000 0.000000 0.028476 0.971524 81.000000
4.610000 0.100000 0.100000 0.000000 0.027638 0.972362 81.000000
4.620000 0.100000 0.100000 0.000000 0.026967 0.973033 80.000000
4.630000 0.100000 0.100000 0.000000 0.025546 0.974454 80.000000
4.640000 0.100000 0.100000 0.000000 0.024448 0.975552 80.000000
4.650000 0.100000 0.100000 0.000000 0.023737 0.976263 80.000000
4.660000 0.100000 0.100000 0.000000 0.022997 0.977003 80.000000
4.670000 0.100000 0.100000 0.000000 0.022206 0.977794 80.000000
4.680000 0.100000 0.100000 0.000000 0.021405 0.978595 80.000000
4.690000 0.100000 0.100000 0.000000 0.020538 0.979462 80.000000
4.700000 0.100000 0.100000 0.000000 0.020086 0.979914 80.000000
4.710000 0.100000 0.100000 0.000000 0.018952 0.981048 80.000000
4.720000 0.100000 0.100000 0.000000 0.018539 0.981461 80.000000
4.730000 0.100000 0.100000 0.000000 0.017845 0.982155 80.000000
4.740000 0.100000 0.100000 0.000000 0.017245 0.982755 80.000000
4.750000 0.100000 0.100000 0.000000 0.016334 0.983666 80.000000
4.760000 0.100000 0.100000 0.000000 0.015890 0.984110 80.000000
4.770000 0.100000 0.100000 0.000000 0.015461 0.984539 80.000000
4.780000 0.100000 0.100000 0.000000 0.014588 0.985412 80.000000
4.790000 0.100000 0.100000 0.000000 0.014071 0.985929 80.000000
4.800000 0.100000 0.100000 0.000000 0.013556 0.986444 80.000000
4.810000 0.100000 0.100000 0.000000 0.013303 0.986697 80.000000
4.820000 0.100000 0.100000 0.000000 0.012714 0.987286 80.000000
4.830000 0.100000 0.100000 0.000000 0.012342 0.987658 80.000000
4.840000 0.100000 0.100000 0.000000 0.011775 0.988225 80.000000
4.850000 0.100000 0.100000 0.000000 0.011218 0.988782 80.000000
4.860000 0.100000 0.100000 0.000000 0.011120 0.988880 80.000000
4.870000 0.100000 0.100000 0.000000 0.010443 0.989557 80.000000
4.880000 0.100000 0.100000 0.000000 0.010346 0.989654 80.000000
4.890000 0.100000 0.100000 0.000000 0.009696 0.990304 80.000000
4.900000 0.100000 0.100000 0.000000 0.009433 0.990567 80.000000
4.910000 0.100000 0.100000 0.000000 0.009240 0.990760 80.000000
4.920000 0.100000 0.100000 0.000000 0.008832 0.991168 80.000000
4.930000 0.100000 0.100000 0.000000 0.008275 0.991725 80.000000
4.940000 0.100000 0.100000 0.000000 0.008190 0.991810 80.000000
4.950000 0.100000 0.100000 0.000000 0.007672 0.992328 80.000000
4.960000 0.100000 0.100000 0.000000 0.007478 0.992522 80.000000
4.970000 0.100000 0.100000 0.000000 0.007110 0.992890 80.000000
4.980000 0.100000 0.100000 0.000000 0.006918 0.993082 80.000000
4.990000 0.100000 0.100000 0.000000 0.006386 0.993614 80.000000
5.000000 0.100000 0.100000 0.000000 0.006280 0.993720 80.000000
5.010000 0.100000 0.100000 0.000000 0.006011 0.993989 80.000000
5.020000 0.100000 0.100000 0.000000 0.005851 0.994149 80.000000
5.030000 0.100000 0.100000 0.000000 0.005407 0.994592 80.000000
5.040000 0.100000 0.100000 0.000000 0.005331 0.994669 80.000000
5.050000 0.100000 0.100000 0.000000 0.004936 0.995064 80.000000
5.060000 0.100000 0.100000 0.000000 0.004621 0.995379 80.000000
5.070000 0.100000 0.100000 0.000000 0.004341 0.995659 80.000000
5.080000 0.100000 0.100000 0.000000 0.004142 0.995858 80.000000
5.090000 0.100000 0.100000 0.000000 0.003890 0.996110 80.000000
5.100000 0.100000 0.100000 0.000000 0.003514 0.996486 80.000000
5.110000 0.100000 0.100000 0.000000 0.003409 0.996591 80.000000
5.120000 0.100000 0.100000 0.000000 0.003356 0.996644 80.000000
5.130000 0.100000 0.100000 0.000000 0.002968 0.997032 80.000000
5.140000 0.100000 0.100000 0.000000 0.002521 0.997479 80.000000
5.150000 0.100000 0.100000 0.000000 0.002383 0.997618 80.000000
5.160000 0.100000 0.100000 0.000000 0.002068 0.997932 80.000000
5.170000 0.100000 0.100000 0.000000 0.001728 0.998272 80.000000
5.180000 0.100000 0.100000 0.000000 0.001440 0.998560 80.000000
5.190000 0.100000 0.100000 0.000000 0.001277 0.998723 80.000000
5.200000 0.100000 0.100000 0.000000 0.000864 0.999136 80.000000
5.210000 0.100000 0.100000 0.000000 0.000728 0.999272 80.000000
5.220000 0.100000 0.100000 0.000000 0.000715 0.999285 80.000000
5.230000 0.100000 0.100000 0.000000 0.000380 0.999620 80.000000
5.240000 0.100000 0.100000 0.000000 0.000228 0.999772 80.000000
5.250000 0.100000 0.100000 0.000000 0.000192 0.999808 80.000000
5.260000 0.100000 0.100000 0.000000 0.000200 0.999800 80.000000
5.270000 0.100000 0.100000 0.000000 0.000092 0.999908 80.000000
5.280000 0.100000 0.100000 0.000000 0.000069 0.999931 80.000000
5.290000 0.100000 0.100000 0.000000 0.000023 0.999977 80.000000
5.300000 0.100000 0.100000 0.000000 0.000013 0.999987 80.000000
5.310000 0.100000 0.100000 0.000000 0.000019 0.999981 80.000000
5.320000 0.100000 0.100000 0.000000 0.000027 0.999973 80.000000
5.330000 0.100000 0.100000 0.000000 0.000022 0.999977 80.000000
5.340000 0.100000 0.100000 0.000527 0.000001 0.999471 80.000000
5.350000 0.100000 0.100000 0.000000 0.000001 0.999999 80.000000
5.360000 0.100000 0.100000 0.000000 0.000000 1.000000 80.000000
5.370000 0.100000 0.100000 0.000000 0.000002 0.999998 80.000000
5.380000 0.100000 0.100000 0.000000 0.000001 0.999999 80.000000
5.390000 0.100000 0.100000 0.000000 0.000000 1.000000 80.000000
5.400000 0.100000 0.100000 0.000000 0.000000 1.000000 80.000000
5.410000 0.100000 0.100000 0.000000 0.000000 1.000000 80.000000
5.420000 0.100000 0.100000 0.000000 0.000000 1.000000 80.000000
5.430000 0.100000 0.100000 0.000000 0.000000 1.000000 80.000000
5.440000 0.100000 0.100000 0.000269 0.000000 0.999731 80.000000
5.450000 0.100000 0.100000 0.001672 0.000001 0.998327 80.000000
5.460000 0.100000 0.100000 0.000071 0.000000 0.999929 80.000000
5.470000 0.100000 0.100000 0.000000 0.000000 1.000000 80.000000
5.480000 0.100000 0.100000 0.000583 0.000000 0.999418 80.000000
5.490000 0.100000 0.100000 0.000000 0.000000 1.000000 80.000000
5.500000 0.100000 0.100000 0.000000 0.000000 1.000000 80.000000
