3.000000 0.150000 0.150000 0.000000 1.000000 0.000000 100.000000
3.010000 0.150000 0.150000 0.000000 1.000000 0.000000 100.000000
3.020000 0.150000 0.150000 0.000000 1.000000 0.000000 100.000000
3.030000 0.150000 0.150000 0.000000 1.000000 0.000000 100.000000
3.040000 0.150000 0.150000 0.000000 1.000000 0.000000 100.000000
3.050000 0.150000 0.150000 0.000000 1.000000 0.000000 100.000000
3.060000 0.150000 0.150000 0.000000 1.000000 0.000000 100.000000
3.070000 0.150000 0.150000 0.000000 1.000000 0.000000 100.000000
3.080000 0.150000 0.150000 0.000000 1.000000 0.000000 100.000000
3.090000 0.150000 0.150000 0.000000 1.000000 0.000000 100.000000
3.100000 0.150000 0.150000 0.000000 1.000000 0.000000 100.000000
3.110000 0.150000 0.150000 0.000000 1.000000 0.000000 100.000000
3.120000 0.150000 0.150000 0.000000 1.000000 0.000000 100.000000
3.130000 0.150000 0.150000 0.000000 1.000000 0.000000 100.000000
3.140000 0.150000 0.150000 0.000000 1.000000 0.000000 100.000000
3.150000 0.150000 0.150000 0.000000 1.000000 0.000000 100.000000
3.160000 0.150000 0.150000 0.000000 1.000000 0.000000 100.000000
3.170000 0.150000 0.150000 0.000000 1.000000 0.000000 100.000000
3.180000 0.150000 0.150000 0.000000 1.000000 0.000000 100.000000
3.190000 0.150000 0.150000 0.000000 1.000000 0.000000 100.000000
3.200000 0.150000 0.150000 0.000000 1.000000 0.000000 100.000000
3.210000 0.150000 0.150000 0.000000 1.000000 0.000000 100.000000
3.220000 0.150000 0.150000 0.000000 1.000000 0.000000 100.000000
3.230000 0.150000 0.150000 0.000000 1.000000 0.000000 100.000000
3.240000 0.150000 0.150000 0.000000 1.000000 0.000000 100.000000
3.250000 0.150000 0.150000 0.000000 1.000000 0.000000 100.000000
3.260000 0.150000 0.150000 0.000000 1.000000 0.000000 100.000000
3.270000 0.150000 0.150000 0.000000 1.000000 0.000000 100.000000
3.280000 0.150000 0.150000 0.000000 1.000000 0.000000 100.000000
3.290000 0.150000 0.150000 0.000000 1.000000 0.000000 100.000000
3.300000 0.150000 0.150000 0.000000 1.000000 0.000000 100.000000
3.310000 0.150000 0.150000 0.000000 1.000000 0.000000 100.000000
3.320000 0.150000 0.150000 0.000000 1.000000 0.000000 100.000000
3.330000 0.150000 0.150000 0.000000 1.000000 0.000000 100.000000
3.340000 0.150000 0.150000 0.000000 1.000000 0.000000 100.000000
3.350000 0.150000 0.150000 0.000000 1.000000 0.000000 100.000000
3.360000 0.150000 0.150000 0.000000 1.000000 0.000000 100.000000
3.370000 0.150000 0.150000 0.000000 1.000000 0.000000 100.000000
3.380000 0.150000 0.150000 0.000000 1.000000 0.000000 100.000000
3.390000 0.150000 0.150000 0.000000 1.000000 0.000000 100.000000
3.400000 0.150000 0.150000 0.000000 1.000000 0.000000 100.000000
3.410000 0.150000 0.150000 0.000000 1.000000 0.000000 100.000000
3.420000 0.150000 0.150000 0.000000 1.000000 0.000000 100.000000
3.430000 0.150000 0.150000 0.000000 1.000000 0.000000 100.000000
3.440000 0.150000 0.150000 0.000000 1.000000 0.000000 100.000000
3.450000 0.150000 0.150000 0.000000 1.000000 0.000000 100.000000
3.460000 0.150000 0.150000 0.000000 1.000000 0.000000 100.000000
3.470000 0.150000 0.150000 0.000000 1.000000 0.000000 100.000000
3.480000 0.150000 0.150000 0.000000 1.000000 0.000000 100.000000
3.490000 0.150000 0.150000 0.000000 1.000000 0.000000 100.000000
3.500000 0.150000 0.150000 0.000000 1.000000 0.000000 100.000000
3.510000 0.150000 0.150000 0.000000 1.000000 0.000000 100.000000
3.520000 0.150000 0.150000 0.000000 1.000000 0.000000 100.000000
3.530000 0.150000 0.150000 0.000000 1.000000 0.000000 100.000000
3.540000 0.150000 0.150000 0.000000 1.000000 0.000000 100.000000
3.550000 0.150000 0.150000 0.000000 1.000000 0.000000 100.000000
3.560000 0.150000 0.150000 0.000000 1.000000 0.000000 100.000000
3.570000 0.150000 0.150000 0.000000 1.000000 0.000000 100.000000
3.580000 0.150000 0.150000 0.000000 1.000000 0.000000 100.000000
3.590000 0.150000 0.150000 0.000000 1.000000 0.000000 100.000000
3.600000 0.150000 0.150000 0.000000 1.000000 0.000000 100.000000
3.610000 0.150000 0.150000 0.000000 1.000000 0.000000 100.000000
3.620000 0.150000 0.150000 0.000000 1.000000 0.000000 100.000000
3.630000 0.150000 0.150000 0.000000 1.000000 0.000000 100.000000
3.640000 0.150000 0.150000 0.000000 1.000000 0.000000 100.000000
3.650000 0.150000 0.150000 0.000000 1.000000 0.000000 100.000000
3.660000 0.150000 0.150000 0.000000 0.998364 0.001636 100.000000
3.670000 0.150000 0.150000 0.000000 0.971647 0.028353 100.000000
3.680000 0.150000 0.150000 0.000000 0.909572 0.090428 100.000000
3.690000 0.150000 0.150000 0.000000 0.890961 0.109039 100.000000
3.700000 0.150000 0.150000 0.000000 0.852525 0.147475 100.000000
3.710000 0.150000 0.150000 0.000000 0.803732 0.196268 100.000000
3.720000 0.150000 0.150000 0.000000 0.762185 0.237815 100.000000
3.730000 0.150000 0.150000 0.000000 0.697624 0.302376 100.000000
3.740000 0.150000 0.150000 0.000000 0.637472 0.362528 100.000000
3.750000 0.150000 0.150000 0.000000 0.522294 0.477706 100.000000
3.760000 0.150000 0.150000 0.000000 0.573799 0.426201 100.000000
3.770000 0.150000 0.150000 0.000000 0.505078 0.494922 100.000000
3.780000 0.150000 0.150000 0.000000 0.408111 0.591889 100.000000
3.790000 0.150000 0.150000 0.000000 0.371086 0.628914 100.000000
3.800000 0.150000 0.150000 0.000000 0.297403 0.702597 100.000000
3.810000 0.150000 0.150000 0.000000 0.235675 0.764325 100.000000
3.820000 0.150000 0.150000 0.000000 0.198878 0.801123 100.000000
3.830000 0.150000 0.150000 0.000000 0.144452 0.855548 100.000000
3.840000 0.150000 0.150000 0.000000 0.146016 0.853984 100.000000
3.850000 0.150000 0.150000 0.000000 0.138903 0.861097 100.000000
3.860000 0.150000 0.150000 0.000000 0.123187 0.876813 100.000000
3.870000 0.150000 0.150000 0.000000 0.107821 0.892179 100.000000
3.880000 0.150000 0.150000 0.000000 0.084149 0.915851 100.000000
3.890000 0.150000 0.150000 0.000000 0.070456 0.929544 100.000000
3.900000 0.150000 0.150000 0.000000 0.075672 0.924328 100.000000
3.910000 0.150000 0.150000 0.000000 0.071587 0.928412 100.000000
3.920000 0.150000 0.150000 0.000000 0.050051 0.949950 100.000000
3.930000 0.150000 0.150000 0.000000 0.046303 0.953698 100.000000
3.940000 0.150000 0.150000 0.000000 0.043614 0.956386 100.000000
3.950000 0.150000 0.150000 0.000000 0.040828 0.959171 100.000000
3.960000 0.150000 0.150000 0.000000 0.048010 0.951990 100.000000
3.970000 0.150000 0.150000 0.000000 0.035522 0.964478 100.000000
3.980000 0.150000 0.150000 0.000000 0.033180 0.966820 100.000000
3.990000 0.150000 0.150000 0.000000 0.031320 0.968680 100.000000
4.000000 0.150000 0.150000 0.000000 0.029534 0.970466 100.000000
4.010000 0.150000 0.150000 0.000000 0.027853 0.972147 100.000000
4.020000 0.150000 0.150000 0.000000 0.026089 0.973911 100.000000
4.030000 0.150000 0.150000 0.000000 0.024419 0.975581 100.000000
4.040000 0.150000 0.150000 0.000000 0.022787 0.977212 100.000000
4.050000 0.150000 0.150000 0.000000 0.021512 0.978488 100.000000
4.060000 0.150000 0.150000 0.000000 0.019899 0.980101 100.000000
4.070000 0.150000 0.150000 0.000000 0.018863 0.981137 100.000000
4.080000 0.150000 0.150000 0.000000 0.017445 0.982555 100.000000
4.090000 0.150000 0.150000 0.000000 0.016259 0.983741 100.000000
4.100000 0.150000 0.150000 0.000000 0.015247 0.984753 100.000000
4.110000 0.150000 0.150000 0.000000 0.014011 0.985989 100.000000
4.120000 0.150000 0.150000 0.000000 0.012831 0.987169 100.000000
4.130000 0.150000 0.150000 0.000000 0.011411 0.988589 100.000000
4.140000 0.150000 0.150000 0.000000 0.010550 0.989450 100.000000
4.150000 0.150000 0.150000 0.000000 0.009364 0.990636 100.000000
4.160000 0.150000 0.150000 0.000000 0.008121 0.991879 100.000000
4.170000 0.150000 0.150000 0.000000 0.007153 0.992846 100.000000
4.180000 0.150000 0.150000 0.000000 0.005834 0.994166 100.000000
4.190000 0.150000 0.150000 0.000000 0.003539 0.996460 100.000000
4.200000 0.150000 0.150000 0.000000 0.002314 0.997686 100.000000
4.210000 0.150000 0.150000 0.000000 0.001112 0.998888 100.000000
4.220000 0.150000 0.150000 0.000000 0.000575 0.999425 100.000000
4.230000 0.150000 0.150000 0.000000 0.000213 0.999787 100.000000
4.240000 0.150000 0.150000 0.000000 0.000009 0.999991 100.000000
4.250000 0.150000 0.150000 0.000000 0.000010 0.999990 100.000000
4.260000 0.150000 0.150000 0.000000 0.000000 1.000000 100.000000
4.270000 0.150000 0.150000 0.000000 0.000000 1.000000 100.000000
4.280000 0.150000 0.150000 0.000000 0.000000 1.000000 100.000000
4.290000 0.150000 0.150000 0.000000 0.000000 1.000000 100.000000
4.300000 0.150000 0.150000 0.000000 0.000000 1.000000 100.000000
4.310000 0.150000 0.150000 0.000000 0.000000 1.000000 100.000000
4.320000 0.150000 0.150000 0.000000 0.000000 1.000000 100.000000
4.330000 0.150000 0.150000 0.000000 0.000000 1.000000 100.000000
4.340000 0.150000 0.150000 0.000000 0.000000 1.000000 100.000000
4.350000 0.150000 0.150000 0.000000 0.000000 1.000000 100.000000
4.360000 0.150000 0.150000 0.000000 0.000000 1.000000 100.000000
4.370000 0.150000 0.150000 0.000000 0.000000 1.000000 100.000000
4.380000 0.150000 0.150000 0.000000 0.000000 1.000000 100.000000
4.390000 0.150000 0.150000 0.000000 0.000000 1.000000 100.000000
4.400000 0.150000 0.150000 0.000000 0.000000 1.000000 100.000000
4.410000 0.150000 0.150000 0.000000 0.000000 1.000000 100.000000
4.420000 0.150000 0.150000 0.000000 0.000000 1.000000 100.000000
4.430000 0.150000 0.150000 0.000000 0.000000 1.000000 100.000000
4.440000 0.150000 0.150000 0.000000 0.000000 1.000000 100.000000
4.450000 0.150000 0.150000 0.000000 0.000000 1.000000 100.000000
4.460000 0.150000 0.150000 0.000000 0.000000 1.000000 100.000000
4.470000 0.150000 0.150000 0.001453 0.000000 0.998547 100.000000
4.480000 0.150000 0.150000 0.000000 0.000000 1.000000 100.000000
4.490000 0.150000 0.150000 0.000221 0.000000 0.999779 100.000000
4.500000 0.150000 0.150000 0.000000 0.000000 1.000000 100.000000
4.510000 0.150000 0.150000 0.000000 0.000000 1.000000 100.000000
4.520000 0.150000 0.150000 0.000546 0.000000 0.999454 100.000000
4.530000 0.150000 0.150000 0.000214 0.000000 0.999786 100.000000
4.540000 0.150000 0.150000 0.000000 0.000000 1.000000 100.000000
4.550000 0.150000 0.150000 0.000111 0.000000 0.999889 100.000000
4.560000 0.150000 0.150000 0.000000 0.000000 1.000000 100.000000
4.570000 0.150000 0.150000 0.001891 0.000000 0.998109 100.000000
4.580000 0.150000 0.150000 0.000093 0.000000 0.999907 100.000000
4.590000 0.150000 0.150000 0.000390 0.000000 0.999610 100.000000
4.600000 0.150000 0.150000 0.000551 0.000000 0.999449 100.000000
4.610000 0.150000 0.150000 0.002394 0.000000 0.997606 100.000000
4.620000 0.150000 0.150000 0.000963 0.000000 0.999037 100.000000
4.630000 0.150000 0.150000 0.001558 0.000000 0.998442 100.000000
4.640000 0.150000 0.150000 0.002815 0.000000 0.997185 100.000000
4.650000 0.150000 0.150000 0.000929 0.000000 0.999071 100.000000
4.660000 0.150000 0.150000 0.001218 0.000000 0.998782 100.000000
4.670000 0.150000 0.150000 0.001692 0.000000 0.998308 100.000000
4.680000 0.150000 0.150000 0.000508 0.000000 0.999492 100.000000
4.690000 0.150000 0.150000 0.002523 0.000000 0.997477 100.000000
4.700000 0.150000 0.150000 0.002308 0.000000 0.997692 100.000000
4.710000 0.150000 0.150000 0.001990 0.000000 0.998010 100.000000
4.720000 0.150000 0.150000 0.002908 0.000000 0.997092 100.000000
4.730000 0.150000 0.150000 0.006542 0.000000 0.993458 100.000000
4.740000 0.150000 0.150000 0.002173 0.000000 0.997827 100.000000
4.750000 0.150000 0.150000 0.007594 0.000000 0.992406 100.000000
4.760000 0.150000 0.150000 0.007418 0.000000 0.992582 100.000000
4.770000 0.150000 0.150000 0.004737 0.000000 0.995263 100.000000
4.780000 0.150000 0.150000 0.005125 0.000000 0.994875 100.000000
4.790000 0.150000 0.150000 0.003757 0.000000 0.996243 100.000000
4.800000 0.150000 0.150000 0.008192 0.000000 0.991808 100.000000
4.810000 0.150000 0.150000 0.010507 0.000000 0.989493 100.000000
4.820000 0.150000 0.150000 0.007199 0.000000 0.992801 100.000000
4.830000 0.150000 0.150000 0.014287 0.000000 0.985713 100.000000
4.840000 0.150000 0.150000 0.007732 0.000000 0.992268 100.000000
4.850000 0.150000 0.150000 0.010470 0.000000 0.989530 100.000000
4.860000 0.150000 0.150000 0.007150 0.000000 0.992850 100.000000
4.870000 0.150000 0.150000 0.013624 0.000000 0.986376 100.000000
4.880000 0.150000 0.150000 0.012705 0.000000 0.987295 100.000000
4.890000 0.150000 0.150000 0.012305 0.000000 0.987695 100.000000
4.900000 0.150000 0.150000 0.016495 0.000000 0.983505 100.000000
4.910000 0.150000 0.150000 0.011957 0.000000 0.988043 100.000000
4.920000 0.150000 0.150000 0.014192 0.000000 0.985808 100.000000
4.930000 0.150000 0.150000 0.012915 0.000000 0.987085 100.000000
4.940000 0.150000 0.150000 0.024201 0.000000 0.975799 100.000000
4.950000 0.150000 0.150000 0.023141 0.000000 0.976859 100.000000
4.960000 0.150000 0.150000 0.023746 0.000000 0.976254 100.000000
4.970000 0.150000 0.150000 0.020735 0.000000 0.979265 100.000000
4.980000 0.150000 0.150000 0.019205 0.000000 0.980795 100.000000
4.990000 0.150000 0.150000 0.025175 0.000000 0.974825 100.000000
5.000000 0.150000 0.150000 0.022078 0.000000 0.977922 100.000000
5.010000 0.150000 0.150000 0.016311 0.000000 0.983689 100.000000
5.020000 0.150000 0.150000 0.017917 0.000000 0.982083 100.000000
5.030000 0.150000 0.150000 0.024416 0.000000 0.975584 100.000000
5.040000 0.150000 0.150000 0.027128 0.000000 0.972872 100.000000
5.050000 0.150000 0.150000 0.028102 0.000000 0.971898 100.000000
5.060000 0.150000 0.150000 0.023720 0.000000 0.976280 100.000000
5.070000 0.150000 0.150000 0.031404 0.000000 0.968596 100.000000
5.080000 0.150000 0.150000 0.033791 0.000000 0.966209 100.000000
5.090000 0.150000 0.150000 0.033139 0.000000 0.966861 100.000000
5.100000 0.150000 0.150000 0.033900 0.000000 0.966100 100.000000
5.110000 0.150000 0.150000 0.041501 0.000000 0.958499 100.000000
5.120000 0.150000 0.150000 0.031958 0.000000 0.968042 100.000000
5.130000 0.150000 0.150000 0.038517 0.000000 0.961483 100.000000
5.140000 0.150000 0.150000 0.038955 0.000000 0.961045 100.000000
5.150000 0.150000 0.150000 0.044675 0.000000 0.955325 100.000000
5.160000 0.150000 0.150000 0.047255 0.000000 0.952745 100.000000
5.170000 0.150000 0.150000 0.045490 0.000000 0.954510 100.000000
5.180000 0.150000 0.150000 0.056273 0.000000 0.943727 100.000000
5.190000 0.150000 0.150000 0.047866 0.000000 0.952134 100.000000
5.200000 0.150000 0.150000 0.048029 0.000000 0.951971 100.000000
5.210000 0.150000 0.150000 0.052932 0.000000 0.947068 100.000000
5.220000 0.150000 0.150000 0.059188 0.000000 0.940812 100.000000
5.230000 0.150000 0.150000 0.061930 0.000000 0.938070 100.000000
5.240000 0.150000 0.150000 0.053692 0.000000 0.946308 100.000000
5.250000 0.150000 0.150000 0.057399 0.000000 0.942601 100.000000
5.260000 0.150000 0.150000 0.059999 0.000000 0.940001 100.000000
5.270000 0.150000 0.150000 0.064486 0.000000 0.935514 100.000000
5.280000 0.150000 0.150000 0.064564 0.000000 0.935436 100.000000
5.290000 0.150000 0.150000 0.066139 0.000000 0.933861 100.000000
5.300000 0.150000 0.150000 0.066324 0.000000 0.933676 100.000000
5.310000 0.150000 0.150000 0.065901 0.000000 0.934099 100.000000
5.320000 0.150000 0.150000 0.062545 0.000000 0.937455 100.000000
5.330000 0.150000 0.150000 0.067597 0.000000 0.932403 100.000000
5.340000 0.150000 0.150000 0.067477 0.000000 0.932523 100.000000
5.350000 0.150000 0.150000 0.070891 0.000000 0.929109 100.000000
5.360000 0.150000 0.150000 0.067545 0.000000 0.932455 100.000000
5.370000 0.150000 0.150000 0.086862 0.000000 0.913138 100.000000
5.380000 0.150000 0.150000 0.065013 0.000000 0.934987 100.000000
5.390000 0.150000 0.150000 0.079780 0.000000 0.920220 100.000000
5.400000 0.150000 0.150000 0.084199 0.000000 0.915801 100.000000
5.410000 0.150000 0.150000 0.092086 0.000000 0.907914 100.000000
5.420000 0.150000 0.150000 0.094633 0.000000 0.905367 100.000000
5.430000 0.150000 0.150000 0.102844 0.000000 0.897156 100.000000
5.440000 0.150000 0.150000 0.091644 0.000000 0.908356 100.000000
5.450000 0.150000 0.150000 0.103634 0.000000 0.896366 100.000000
5.460000 0.150000 0.150000 0.117707 0.000000 0.882293 100.000000
5.470000 0.150000 0.150000 0.111546 0.000000 0.888454 100.000000
5.480000 0.150000 0.150000 0.116699 0.000000 0.883301 100.000000
5.490000 0.150000 0.150000 0.112949 0.000000 0.887051 100.000000
5.500000 0.150000 0.150000 0.114230 0.000000 0.885770 100.000000
