3.000000 0.200000 0.200000 0.000000 1.000000 0.000000 100.000000
3.010000 0.200000 0.200000 0.000000 1.000000 0.000000 100.000000
3.020000 0.200000 0.200000 0.000000 1.000000 0.000000 100.000000
3.030000 0.200000 0.200000 0.000000 1.000000 0.000000 100.000000
3.040000 0.200000 0.200000 0.000000 1.000000 0.000000 100.000000
3.050000 0.200000 0.200000 0.000000 1.000000 0.000000 100.000000
3.060000 0.200000 0.200000 0.000000 1.000000 0.000000 100.000000
3.070000 0.200000 0.200000 0.000000 1.000000 0.000000 100.000000
3.080000 0.200000 0.200000 0.000000 1.000000 0.000000 100.000000
3.090000 0.200000 0.200000 0.000000 1.000000 0.000000 100.000000
3.100000 0.200000 0.200000 0.000000 1.000000 0.000000 100.000000
3.110000 0.200000 0.200000 0.000000 1.000000 0.000000 100.000000
3.120000 0.200000 0.200000 0.000000 1.000000 0.000000 100.000000
3.130000 0.200000 0.200000 0.000000 1.000000 0.000000 100.000000
3.140000 0.200000 0.200000 0.000000 1.000000 0.000000 100.000000
3.150000 0.200000 0.200000 0.000000 1.000000 0.000000 100.000000
3.160000 0.200000 0.200000 0.000000 1.000000 0.000000 100.000000
3.170000 0.200000 0.200000 0.000000 1.000000 0.000000 100.000000
3.180000 0.200000 0.200000 0.000000 1.000000 0.000000 100.000000
3.190000 0.200000 0.200000 0.000000 1.000000 0.000000 100.000000
3.200000 0.200000 0.200000 0.000000 1.000000 0.000000 100.000000
3.210000 0.200000 0.200000 0.000000 1.000000 0.000000 100.000000
3.220000 0.200000 0.200000 0.000000 1.000000 0.000000 100.000000
3.230000 0.200000 0.200000 0.000000 1.000000 0.000000 100.000000
3.240000 0.200000 0.200000 0.000000 1.000000 0.000000 100.000000
3.250000 0.200000 0.200000 0.000000 1.000000 0.000000 100.000000
3.260000 0.200000 0.200000 0.000000 1.000000 0.000000 100.000000
3.270000 0.200000 0.200000 0.000000 1.000000 0.000000 100.000000
3.280000 0.200000 0.200000 0.000000 1.000000 0.000000 100.000000
3.290000 0.200000 0.200000 0.000000 1.000000 0.000000 100.000000
3.300000 0.200000 0.200000 0.000000 1.000000 0.000000 100.000000
3.310000 0.200000 0.200000 0.000000 1.000000 0.000000 100.000000
3.320000 0.200000 0.200000 0.000000 1.000000 0.000000 100.000000
3.330000 0.200000 0.200000 0.000000 1.000000 0.000000 100.000000
3.340000 0.200000 0.200000 0.000000 1.000000 0.000000 100.000000
3.350000 0.200000 0.200000 0.000000 1.000000 0.000000 100.000000
3.360000 0.200000 0.200000 0.000000 1.000000 0.000000 100.000000
3.370000 0.200000 0.200000 0.000000 1.000000 0.000000 100.000000
3.380000 0.200000 0.200000 0.000000 1.000000 0.000000 100.000000
3.390000 0.200000 0.200000 0.000000 1.000000 0.000000 100.000000
3.400000 0.200000 0.200000 0.000000 1.000000 0.000000 100.000000
3.410000 0.200000 0.200000 0.000000 1.000000 0.000000 100.000000
3.420000 0.200000 0.200000 0.000000 1.000000 0.000000 100.000000
3.430000 0.200000 0.200000 0.000000 1.000000 0.000000 100.000000
3.440000 0.200000 0.200000 0.000000 1.000000 0.000000 100.000000
3.450000 0.200000 0.200000 0.000000 1.000000 0.000000 100.000000
3.460000 0.200000 0.200000 0.000000 0.980000 0.020000 100.000000
3.470000 0.200000 0.200000 0.000000 0.960000 0.040000 100.000000
3.480000 0.200000 0.200000 0.000000 0.950000 0.050000 100.000000
3.490000 0.200000 0.200000 0.000000 0.960000 0.040000 100.000000
3.500000 0.200000 0.200000 0.000000 0.950000 0.050000 100.000000
3.510000 0.200000 0.200000 0.000000 0.910000 0.090000 100.000000
3.520000 0.200000 0.200000 0.000000 0.920000 0.080000 100.000000
3.530000 0.200000 0.200000 0.000000 0.950000 0.050000 100.000000
3.540000 0.200000 0.200000 0.000000 0.880000 0.120000 100.000000
3.550000 0.200000 0.200000 0.000000 0.860000 0.140000 100.000000
3.560000 0.200000 0.200000 0.000000 0.820000 0.180000 100.000000
3.570000 0.200000 0.200000 0.000000 0.860000 0.140000 100.000000
3.580000 0.200000 0.200000 0.000000 0.760000 0.240000 100.000000
3.590000 0.200000 0.200000 0.000000 0.800000 0.200000 100.000000
3.600000 0.200000 0.200000 0.000000 0.650000 0.350000 100.000000
3.610000 0.200000 0.200000 0.000000 0.580000 0.420000 100.000000
3.620000 0.200000 0.200000 0.000000 0.560000 0.440000 100.000000
3.630000 0.200000 0.200000 0.000000 0.460000 0.540000 100.000000
3.640000 0.200000 0.200000 0.000000 0.430000 0.570000 100.000000
3.650000 0.200000 0.200000 0.000000 0.380000 0.620000 100.000000
3.660000 0.200000 0.200000 0.000000 0.370000 0.630000 100.000000
3.670000 0.200000 0.200000 0.000000 0.360000 0.640000 100.000000
3.680000 0.200000 0.200000 0.000000 0.300000 0.700000 100.000000
3.690000 0.200000 0.200000 0.000000 0.170000 0.830000 100.000000
3.700000 0.200000 0.200000 0.000000 0.190000 0.810000 100.000000
3.710000 0.200000 0.200000 0.000000 0.120000 0.880000 100.000000
3.720000 0.200000 0.200000 0.000000 0.160000 0.840000 100.000000
3.730000 0.200000 0.200000 0.000000 0.110000 0.890000 100.000000
3.740000 0.200000 0.200000 0.000000 0.060000 0.940000 100.000000
3.750000 0.200000 0.200000 0.000000 0.010000 0.990000 100.000000
3.760000 0.200000 0.200000 0.000000 0.030000 0.970000 100.000000
3.770000 0.200000 0.200000 0.000000 0.050000 0.950000 100.000000
3.780000 0.200000 0.200000 0.000000 0.030000 0.970000 100.000000
3.790000 0.200000 0.200000 0.000000 0.040000 0.960000 100.000000
3.800000 0.200000 0.200000 0.000000 0.020000 0.980000 100.000000
3.810000 0.200000 0.200000 0.000000 0.010000 0.990000 100.000000
3.820000 0.200000 0.200000 0.000000 0.010000 0.990000 100.000000
3.830000 0.200000 0.200000 0.000000 0.020000 0.980000 100.000000
3.840000 0.200000 0.200000 0.000000 0.000000 1.000000 100.000000
3.850000 0.200000 0.200000 0.000000 0.000000 1.000000 100.000000
3.860000 0.200000 0.200000 0.000000 0.000000 1.000000 100.000000
3.870000 0.200000 0.200000 0.000000 0.000000 1.000000 100.000000
3.880000 0.200000 0.200000 0.000000 0.000000 1.000000 100.000000
3.890000 0.200000 0.200000 0.000000 0.000000 1.000000 100.000000
3.900000 0.200000 0.200000 0.000000 0.000000 1.000000 100.000000
3.910000 0.200000 0.200000 0.000000 0.000000 1.000000 100.000000
3.920000 0.200000 0.200000 0.000000 0.000000 1.000000 100.000000
3.930000 0.200000 0.200000 0.000000 0.000000 1.000000 100.000000
3.940000 0.200000 0.200000 0.000000 0.000000 1.000000 100.000000
3.950000 0.200000 0.200000 0.000000 0.000000 1.000000 100.000000
3.960000 0.200000 0.200000 0.000000 0.000000 1.000000 100.000000
3.970000 0.200000 0.200000 0.000121 0.000000 0.999879 100.000000
3.980000 0.200000 0.200000 0.000000 0.000000 1.000000 100.000000
3.990000 0.200000 0.200000 0.000017 0.000000 0.999983 100.000000
4.000000 0.200000 0.200000 0.000000 0.000000 1.000000 100.000000
4.010000 0.200000 0.200000 0.000000 0.000000 1.000000 100.000000
4.020000 0.200000 0.200000 0.000000 0.000000 1.000000 100.000000
4.030000 0.200000 0.200000 0.000000 0.000000 1.000000 100.000000
4.040000 0.200000 0.200000 0.000000 0.000000 1.000000 100.000000
4.050000 0.200000 0.200000 0.000000 0.000000 1.000000 100.000000
4.060000 0.200000 0.200000 0.000073 0.000000 0.999927 100.000000
4.070000 0.200000 0.200000 0.000000 0.000000 1.000000 100.000000
4.080000 0.200000 0.200000 0.000143 0.000000 0.999857 100.000000
4.090000 0.200000 0.200000 0.000000 0.000000 1.000000 100.000000
4.100000 0.200000 0.200000 0.000000 0.000000 1.000000 100.000000
4.110000 0.200000 0.200000 0.000321 0.000000 0.999679 100.000000
4.120000 0.200000 0.200000 0.000460 0.000000 0.999540 100.000000
4.130000 0.200000 0.200000 0.000257 0.000000 0.999743 100.000000
4.140000 0.200000 0.200000 0.000300 0.000000 0.999700 100.000000
4.150000 0.200000 0.200000 0.000752 0.000000 0.999248 100.000000
4.160000 0.200000 0.200000 0.000660 0.000000 0.999340 100.000000
4.170000 0.200000 0.200000 0.002031 0.000000 0.997969 100.000000
4.180000 0.200000 0.200000 0.001216 0.000000 0.998784 100.000000
4.190000 0.200000 0.200000 0.001119 0.000000 0.998881 100.000000
4.200000 0.200000 0.200000 0.000597 0.000000 0.999403 100.000000
4.210000 0.200000 0.200000 0.001270 0.000000 0.998730 100.000000
4.220000 0.200000 0.200000 0.001501 0.000000 0.998499 100.000000
4.230000 0.200000 0.200000 0.003219 0.000000 0.996781 100.000000
4.240000 0.200000 0.200000 0.002119 0.000000 0.997881 100.000000
4.250000 0.200000 0.200000 0.002787 0.000000 0.997213 100.000000
4.260000 0.200000 0.200000 0.002432 0.000000 0.997568 100.000000
4.270000 0.200000 0.200000 0.002302 0.000000 0.997698 100.000000
4.280000 0.200000 0.200000 0.001996 0.000000 0.998004 100.000000
4.290000 0.200000 0.200000 0.004463 0.000000 0.995537 100.000000
4.300000 0.200000 0.200000 0.005349 0.000000 0.994651 100.000000
4.310000 0.200000 0.200000 0.003637 0.000000 0.996363 100.000000
4.320000 0.200000 0.200000 0.003716 0.000000 0.996284 100.000000
4.330000 0.200000 0.200000 0.007280 0.000000 0.992720 100.000000
4.340000 0.200000 0.200000 0.005847 0.000000 0.994153 100.000000
4.350000 0.200000 0.200000 0.009136 0.000000 0.990864 100.000000
4.360000 0.200000 0.200000 0.008820 0.000000 0.991180 100.000000
4.370000 0.200000 0.200000 0.008194 0.000000 0.991806 100.000000
4.380000 0.200000 0.200000 0.008542 0.000000 0.991458 100.000000
4.390000 0.200000 0.200000 0.012546 0.000000 0.987454 100.000000
4.400000 0.200000 0.200000 0.010386 0.000000 0.989614 100.000000
4.410000 0.200000 0.200000 0.015240 0.000000 0.984760 100.000000
4.420000 0.200000 0.200000 0.015073 0.000000 0.984927 100.000000
4.430000 0.200000 0.200000 0.017855 0.000000 0.982145 100.000000
4.440000 0.200000 0.200000 0.017865 0.000000 0.982135 100.000000
4.450000 0.200000 0.200000 0.017926 0.000000 0.982074 100.000000
4.460000 0.200000 0.200000 0.020743 0.000000 0.979257 100.000000
4.470000 0.200000 0.200000 0.024627 0.000000 0.975373 100.000000
4.480000 0.200000 0.200000 0.022552 0.000000 0.977448 100.000000
4.490000 0.200000 0.200000 0.028104 0.000000 0.971896 100.000000
4.500000 0.200000 0.200000 0.027907 0.000000 0.972093 100.000000
4.510000 0.200000 0.200000 0.030380 0.000000 0.969620 100.000000
4.520000 0.200000 0.200000 0.031881 0.000000 0.968119 100.000000
4.530000 0.200000 0.200000 0.032284 0.000000 0.967716 100.000000
4.540000 0.200000 0.200000 0.040779 0.000000 0.959221 100.000000
4.550000 0.200000 0.200000 0.038935 0.000000 0.961065 100.000000
4.560000 0.200000 0.200000 0.040782 0.000000 0.959218 100.000000
4.570000 0.200000 0.200000 0.040248 0.000000 0.959752 100.000000
4.580000 0.200000 0.200000 0.045660 0.000000 0.954340 100.000000
4.590000 0.200000 0.200000 0.044931 0.000000 0.955069 100.000000
4.600000 0.200000 0.200000 0.056774 0.000000 0.943226 100.000000
4.610000 0.200000 0.200000 0.044736 0.000000 0.955264 100.000000
4.620000 0.200000 0.200000 0.052083 0.000000 0.947917 100.000000
4.630000 0.200000 0.200000 0.054543 0.000000 0.945457 100.000000
4.640000 0.200000 0.200000 0.060070 0.000000 0.939930 100.000000
4.650000 0.200000 0.200000 0.057032 0.000000 0.942968 100.000000
4.660000 0.200000 0.200000 0.056421 0.000000 0.943579 100.000000
4.670000 0.200000 0.200000 0.057283 0.000000 0.942717 100.000000
4.680000 0.200000 0.200000 0.060913 0.000000 0.939087 100.000000
4.690000 0.200000 0.200000 0.056316 0.000000 0.943684 100.000000
4.700000 0.200000 0.200000 0.070265 0.000000 0.929735 100.000000
4.710000 0.200000 0.200000 0.068127 0.000000 0.931873 100.000000
4.720000 0.200000 0.200000 0.063755 0.000000 0.936245 100.000000
4.730000 0.200000 0.200000 0.080107 0.000000 0.919893 100.000000
4.740000 0.200000 0.200000 0.073970 0.000000 0.926030 100.000000
4.750000 0.200000 0.200000 0.074887 0.000000 0.925113 100.000000
4.760000 0.200000 0.200000 0.068866 0.000000 0.931134 100.000000
4.770000 0.200000 0.200000 0.078684 0.000000 0.921316 100.000000
4.780000 0.200000 0.200000 0.075971 0.000000 0.924029 100.000000
4.790000 0.200000 0.200000 0.085000 0.000000 0.915000 100.000000
4.800000 0.200000 0.200000 0.093726 0.000000 0.906274 100.000000
4.810000 0.200000 0.200000 0.085686 0.000000 0.914314 100.000000
4.820000 0.200000 0.200000 0.081587 0.000000 0.918413 100.000000
4.830000 0.200000 0.200000 0.082737 0.000000 0.917263 100.000000
4.840000 0.200000 0.200000 0.090717 0.000000 0.909283 100.000000
4.850000 0.200000 0.200000 0.086988 0.000000 0.913012 100.000000
4.860000 0.200000 0.200000 0.095217 0.000000 0.904783 100.000000
4.870000 0.200000 0.200000 0.098378 0.000000 0.901622 100.000000
4.880000 0.200000 0.200000 0.097487 0.000000 0.902513 100.000000
4.890000 0.200000 0.200000 0.100612 0.000000 0.899388 100.000000
4.900000 0.200000 0.200000 0.105359 0.000000 0.894641 100.000000
4.910000 0.200000 0.200000 0.104508 0.000000 0.895492 100.000000
4.920000 0.200000 0.200000 0.100355 0.000000 0.899645 100.000000
4.930000 0.200000 0.200000 0.110794 0.000000 0.889206 100.000000
4.940000 0.200000 0.200000 0.093416 0.000000 0.906584 100.000000
4.950000 0.200000 0.200000 0.119327 0.000000 0.880673 100.000000
4.960000 0.200000 0.200000 0.126043 0.000000 0.873957 100.000000
4.970000 0.200000 0.200000 0.115330 0.000000 0.884670 100.000000
4.980000 0.200000 0.200000 0.118272 0.000000 0.881728 100.000000
4.990000 0.200000 0.200000 0.112660 0.000000 0.887340 100.000000
5.000000 0.200000 0.200000 0.131222 0.000000 0.868778 100.000000
5.010000 0.200000 0.200000 0.118218 0.000000 0.881782 100.000000
5.020000 0.200000 0.200000 0.135044 0.000000 0.864956 100.000000
5.030000 0.200000 0.200000 0.132013 0.000000 0.867987 100.000000
5.040000 0.200000 0.200000 0.150249 0.000000 0.849751 100.000000
5.050000 0.200000 0.200000 0.132477 0.000000 0.867523 100.000000
5.060000 0.200000 0.200000 0.136975 0.000000 0.863025 100.000000
5.070000 0.200000 0.200000 0.144187 0.000000 0.855813 100.000000
5.080000 0.200000 0.200000 0.145895 0.000000 0.854105 100.000000
5.090000 0.200000 0.200000 0.141704 0.000000 0.858296 100.000000
5.100000 0.200000 0.200000 0.132808 0.000000 0.867192 100.000000
5.110000 0.200000 0.200000 0.156346 0.000000 0.843654 100.000000
5.120000 0.200000 0.200000 0.154296 0.000000 0.845704 100.000000
5.130000 0.200000 0.200000 0.142732 0.000000 0.857268 100.000000
5.140000 0.200000 0.200000 0.166183 0.000000 0.833817 100.000000
5.150000 0.200000 0.200000 0.172213 0.000000 0.827787 100.000000
5.160000 0.200000 0.200000 0.164234 0.000000 0.835766 100.000000
5.170000 0.200000 0.200000 0.160404 0.000000 0.839596 100.000000
5.180000 0.200000 0.200000 0.178089 0.000000 0.821911 100.000000
5.190000 0.200000 0.200000 0.164136 0.000000 0.835864 100.000000
5.200000 0.200000 0.200000 0.168146 0.000000 0.831854 100.000000
5.210000 0.200000 0.200000 0.171198 0.000000 0.828802 100.000000
5.220000 0.200000 0.200000 0.186355 0.000000 0.813645 100.000000
5.230000 0.200000 0.200000 0.172999 0.000000 0.827001 100.000000
5.240000 0.200000 0.200000 0.188628 0.000000 0.811372 100.000000
5.250000 0.200000 0.200000 0.197846 0.000000 0.802154 100.000000
5.260000 0.200000 0.200000 0.196761 0.000000 0.803239 100.000000
5.270000 0.200000 0.200000 0.177359 0.000000 0.822641 100.000000
5.280000 0.200000 0.200000 0.193749 0.000000 0.806251 100.000000
5.290000 0.200000 0.200000 0.203951 0.000000 0.796049 100.000000
5.300000 0.200000 0.200000 0.192109 0.000000 0.807891 100.000000
5.310000 0.200000 0.200000 0.191146 0.000000 0.808854 100.000000
5.320000 0.200000 0.200000 0.203576 0.000000 0.796424 100.000000
5.330000 0.200000 0.200000 0.228826 0.000000 0.771174 100.000000
5.340000 0.200000 0.200000 0.208571 0.000000 0.791429 100.000000
5.350000 0.200000 0.200000 0.222982 0.000000 0.777018 100.000000
5.360000 0.200000 0.200000 0.233471 0.000000 0.766529 100.000000
5.370000 0.200000 0.200000 0.215304 0.000000 0.784696 100.000000
5.380000 0.200000 0.200000 0.214286 0.000000 0.785714 100.000000
5.390000 0.200000 0.200000 0.235641 0.000000 0.764359 100.000000
5.400000 0.200000 0.200000 0.241687 0.000000 0.758313 100.000000
5.410000 0.200000 0.200000 0.248409 0.000000 0.751591 100.000000
5.420000 0.200000 0.200000 0.232337 0.000000 0.767663 100.000000
5.430000 0.200000 0.200000 0.259710 0.000000 0.740290 100.000000
5.440000 0.200000 0.200000 0.245232 0.000000 0.754768 100.000000
5.450000 0.200000 0.200000 0.242254 0.000000 0.757746 100.000000
5.460000 0.200000 0.200000 0.238534 0.000000 0.761466 100.000000
5.470000 0.200000 0.200000 0.251375 0.000000 0.748625 100.000000
5.480000 0.200000 0.200000 0.257305 0.000000 0.742695 100.000000
5.490000 0.200000 0.200000 0.247686 0.000000 0.752314 100.000000
5.500000 0.200000 0.200000 0.269803 0.000000 0.730197 100.000000
