3.000000 1.000000 1.000000 0.000000 1.000000 0.000000 100.000000
3.010000 1.000000 1.000000 0.000000 1.000000 0.000000 100.000000
3.020000 1.000000 1.000000 0.000000 1.000000 0.000000 100.000000
3.030000 1.000000 1.000000 0.000000 1.000000 0.000000 100.000000
3.040000 1.000000 1.000000 0.000000 1.000000 0.000000 100.000000
3.050000 1.000000 1.000000 0.000000 1.000000 0.000000 100.000000
3.060000 1.000000 1.000000 0.000000 1.000000 0.000000 100.000000
3.070000 1.000000 1.000000 0.000000 1.000000 0.000000 100.000000
3.080000 1.000000 1.000000 0.000000 1.000000 0.000000 100.000000
3.090000 1.000000 1.000000 0.000000 1.000000 0.000000 100.000000
3.100000 1.000000 1.000000 0.000000 1.000000 0.000000 100.000000
3.110000 1.000000 1.000000 0.004532 0.970000 0.025468 100.000000
3.120000 1.000000 1.000000 0.005088 0.980000 0.014912 100.000000
3.130000 1.000000 1.000000 0.000000 1.000000 0.000000 100.000000
3.140000 1.000000 1.000000 0.000000 1.000000 0.000000 100.000000
3.150000 1.000000 1.000000 0.012536 0.930000 0.057464 100.000000
3.160000 1.000000 1.000000 0.007970 0.940000 0.052030 100.000000
3.170000 1.000000 1.000000 0.017319 0.880000 0.102681 100.000000
3.180000 1.000000 1.000000 0.021271 0.880000 0.098729 100.000000
3.190000 1.000000 1.000000 0.017656 0.880000 0.102344 100.000000
3.200000 1.000000 1.000000 0.024796 0.870000 0.105204 100.000000
3.210000 1.000000 1.000000 0.025740 0.860000 0.114260 100.000000
3.220000 1.000000 1.000000 0.029090 0.850000 0.120910 100.000000
3.230000 1.000000 1.000000 0.023941 0.850000 0.126059 100.000000
3.240000 1.000000 1.000000 0.026416 0.840000 0.133584 100.000000
3.250000 1.000000 1.000000 0.022882 0.850000 0.127118 100.000000
3.260000 1.000000 1.000000 0.038835 0.770000 0.191165 100.000000
3.270000 1.000000 1.000000 0.046980 0.730000 0.223020 100.000000
3.280000 1.000000 1.000000 0.051144 0.730000 0.218856 100.000000
3.290000 1.000000 1.000000 0.066501 0.650000 0.283499 100.000000
3.300000 1.000000 1.000000 0.066394 0.620000 0.313606 100.000000
3.310000 1.000000 1.000000 0.069087 0.630000 0.300913 100.000000
3.320000 1.000000 1.000000 0.088348 0.530000 0.381652 100.000000
3.330000 1.000000 1.000000 0.088348 0.520000 0.391652 100.000000
3.340000 1.000000 1.000000 0.073950 0.560000 0.366050 100.000000
3.350000 1.000000 1.000000 0.097153 0.490000 0.412847 100.000000
3.360000 1.000000 1.000000 0.093181 0.510000 0.396819 100.000000
3.370000 1.000000 1.000000 0.089337 0.510000 0.400663 100.000000
3.380000 1.000000 1.000000 0.104906 0.450000 0.445094 100.000000
3.390000 1.000000 1.000000 0.110802 0.460000 0.429198 100.000000
3.400000 1.000000 1.000000 0.123570 0.350000 0.526430 100.000000
3.410000 1.000000 1.000000 0.116700 0.360000 0.523300 100.000000
3.420000 1.000000 1.000000 0.130604 0.330000 0.539396 100.000000
3.430000 1.000000 1.000000 0.096774 0.450000 0.453226 100.000000
3.440000 1.000000 1.000000 0.125970 0.350000 0.524030 100.000000
3.450000 1.000000 1.000000 0.113637 0.410000 0.476363 100.000000
3.460000 1.000000 1.000000 0.124960 0.350000 0.525040 100.000000
3.470000 1.000000 1.000000 0.124293 0.370000 0.505707 100.000000
3.480000 1.000000 1.000000 0.137955 0.270000 0.592045 100.000000
3.490000 1.000000 1.000000 0.153894 0.210000 0.636106 100.000000
3.500000 1.000000 1.000000 0.152435 0.190000 0.657565 100.000000
3.510000 1.000000 1.000000 0.165259 0.210000 0.624741 100.000000
3.520000 1.000000 1.000000 0.163576 0.180000 0.656424 100.000000
3.530000 1.000000 1.000000 0.166251 0.180000 0.653749 100.000000
3.540000 1.000000 1.000000 0.170637 0.170000 0.659363 100.000000
3.550000 1.000000 1.000000 0.181480 0.120000 0.698520 100.000000
3.560000 1.000000 1.000000 0.170788 0.140000 0.689212 100.000000
3.570000 1.000000 1.000000 0.173707 0.150000 0.676293 100.000000
3.580000 1.000000 1.000000 0.184013 0.190000 0.625987 100.000000
3.590000 1.000000 1.000000 0.181184 0.120000 0.698816 100.000000
3.600000 1.000000 1.000000 0.182813 0.100000 0.717187 100.000000
3.610000 1.000000 1.000000 0.178716 0.130000 0.691284 100.000000
3.620000 1.000000 1.000000 0.202243 0.060000 0.737757 100.000000
3.630000 1.000000 1.000000 0.181003 0.150000 0.668997 100.000000
3.640000 1.000000 1.000000 0.190286 0.140000 0.669714 100.000000
3.650000 1.000000 1.000000 0.186298 0.120000 0.693702 100.000000
3.660000 1.000000 1.000000 0.189093 0.100000 0.710907 100.000000
3.670000 1.000000 1.000000 0.195593 0.070000 0.734407 100.000000
3.680000 1.000000 1.000000 0.194957 0.080000 0.725043 100.000000
3.690000 1.000000 1.000000 0.198939 0.070000 0.731061 100.000000
3.700000 1.000000 1.000000 0.199413 0.060000 0.740587 100.000000
3.710000 1.000000 1.000000 0.198833 0.060000 0.741167 100.000000
3.720000 1.000000 1.000000 0.213408 0.080000 0.706592 100.000000
3.730000 1.000000 1.000000 0.211279 0.050000 0.738721 100.000000
3.740000 1.000000 1.000000 0.229012 0.040000 0.730988 100.000000
3.750000 1.000000 1.000000 0.214983 0.060000 0.725017 100.000000
3.760000 1.000000 1.000000 0.224963 0.030000 0.745037 100.000000
3.770000 1.000000 1.000000 0.227599 0.020000 0.752401 100.000000
3.780000 1.000000 1.000000 0.206944 0.080000 0.713056 100.000000
3.790000 1.000000 1.000000 0.215858 0.060000 0.724142 100.000000
3.800000 1.000000 1.000000 0.222516 0.020000 0.757484 100.000000
3.810000 1.000000 1.000000 0.226205 0.010000 0.763795 100.000000
3.820000 1.000000 1.000000 0.231365 0.000000 0.768635 100.000000
3.830000 1.000000 1.000000 0.228748 0.010000 0.761252 100.000000
3.840000 1.000000 1.000000 0.224973 0.020000 0.755027 100.000000
3.850000 1.000000 1.000000 0.223506 0.030000 0.746494 100.000000
3.860000 1.000000 1.000000 0.227389 0.040000 0.732611 100.000000
3.870000 1.000000 1.000000 0.240619 0.030000 0.729381 100.000000
3.880000 1.000000 1.000000 0.224120 0.020000 0.755880 100.000000
3.890000 1.000000 1.000000 0.230557 0.030000 0.739443 100.000000
3.900000 1.000000 1.000000 0.240186 0.000000 0.759814 100.000000
3.910000 1.000000 1.000000 0.235102 0.000000 0.764898 100.000000
3.920000 1.000000 1.000000 0.240064 0.000000 0.759936 100.000000
3.930000 1.000000 1.000000 0.243271 0.000000 0.756729 100.000000
3.940000 1.000000 1.000000 0.234503 0.010000 0.755497 100.000000
3.950000 1.000000 1.000000 0.245505 0.000000 0.754495 100.000000
3.960000 1.000000 1.000000 0.246482 0.010000 0.743518 100.000000
3.970000 1.000000 1.000000 0.244555 0.010000 0.745445 100.000000
3.980000 1.000000 1.000000 0.239194 0.000000 0.760806 100.000000
3.990000 1.000000 1.000000 0.250624 0.000000 0.749376 100.000000
4.000000 1.000000 1.000000 0.243894 0.000000 0.756106 100.000000
4.010000 1.000000 1.000000 0.251196 0.000000 0.748804 100.000000
4.020000 1.000000 1.000000 0.240226 0.000000 0.759774 100.000000
4.030000 1.000000 1.000000 0.253211 0.010000 0.736789 100.000000
4.040000 1.000000 1.000000 0.253981 0.000000 0.746019 100.000000
4.050000 1.000000 1.000000 0.251433 0.000000 0.748567 100.000000
4.060000 1.000000 1.000000 0.250833 0.000000 0.749167 100.000000
4.070000 1.000000 1.000000 0.263619 0.000000 0.736381 100.000000
4.080000 1.000000 1.000000 0.267538 0.000000 0.732462 100.000000
4.090000 1.000000 1.000000 0.255776 0.000000 0.744224 100.000000
4.100000 1.000000 1.000000 0.248054 0.000000 0.751946 100.000000
4.110000 1.000000 1.000000 0.281041 0.000000 0.718959 100.000000
4.120000 1.000000 1.000000 0.266595 0.000000 0.733405 100.000000
4.130000 1.000000 1.000000 0.264237 0.000000 0.735763 100.000000
4.140000 1.000000 1.000000 0.258252 0.000000 0.741748 100.000000
4.150000 1.000000 1.000000 0.262815 0.000000 0.737185 100.000000
4.160000 1.000000 1.000000 0.272833 0.000000 0.727167 100.000000
4.170000 1.000000 1.000000 0.289665 0.000000 0.710335 100.000000
4.180000 1.000000 1.000000 0.274456 0.000000 0.725544 100.000000
4.190000 1.000000 1.000000 0.279359 0.000000 0.720641 100.000000
4.200000 1.000000 1.000000 0.272034 0.000000 0.727966 100.000000
4.210000 1.000000 1.000000 0.282517 0.000000 0.717483 100.000000
4.220000 1.000000 1.000000 0.283929 0.000000 0.716071 100.000000
4.230000 1.000000 1.000000 0.276655 0.000000 0.723345 100.000000
4.240000 1.000000 1.000000 0.292628 0.000000 0.707372 100.000000
4.250000 1.000000 1.000000 0.295599 0.000000 0.704401 100.000000
4.260000 1.000000 1.000000 0.293117 0.000000 0.706883 100.000000
4.270000 1.000000 1.000000 0.287437 0.000000 0.712563 100.000000
4.280000 1.000000 1.000000 0.295090 0.000000 0.704910 100.000000
4.290000 1.000000 1.000000 0.300997 0.000000 0.699003 100.000000
4.300000 1.000000 1.000000 0.299790 0.000000 0.700210 100.000000
4.310000 1.000000 1.000000 0.300099 0.000000 0.699901 100.000000
4.320000 1.000000 1.000000 0.313085 0.000000 0.686915 100.000000
4.330000 1.000000 1.000000 0.307167 0.000000 0.692833 100.000000
4.340000 1.000000 1.000000 0.315706 0.000000 0.684294 100.000000
4.350000 1.000000 1.000000 0.307316 0.000000 0.692684 100.000000
4.360000 1.000000 1.000000 0.307605 0.000000 0.692395 100.000000
4.370000 1.000000 1.000000 0.314556 0.000000 0.685444 100.000000
4.380000 1.000000 1.000000 0.325161 0.000000 0.674839 100.000000
4.390000 1.000000 1.000000 0.311807 0.000000 0.688193 100.000000
4.400000 1.000000 1.000000 0.318711 0.000000 0.681289 100.000000
4.410000 1.000000 1.000000 0.320477 0.000000 0.679523 100.000000
4.420000 1.000000 1.000000 0.318940 0.000000 0.681060 100.000000
4.430000 1.000000 1.000000 0.326232 0.000000 0.673768 100.000000
4.440000 1.000000 1.000000 0.331403 0.000000 0.668597 100.000000
4.450000 1.000000 1.000000 0.330531 0.000000 0.669469 100.000000
4.460000 1.000000 1.000000 0.338978 0.000000 0.661022 100.000000
4.470000 1.000000 1.000000 0.332798 0.000000 0.667202 100.000000
4.480000 1.000000 1.000000 0.342960 0.000000 0.657040 100.000000
4.490000 1.000000 1.000000 0.347224 0.000000 0.652776 100.000000
4.500000 1.000000 1.000000 0.334528 0.000000 0.665472 100.000000
4.510000 1.000000 1.000000 0.348518 0.000000 0.651482 100.000000
4.520000 1.000000 1.000000 0.356705 0.000000 0.643295 100.000000
4.530000 1.000000 1.000000 0.358559 0.000000 0.641441 100.000000
4.540000 1.000000 1.000000 0.360867 0.000000 0.639133 100.000000
4.550000 1.000000 1.000000 0.366438 0.000000 0.633562 100.000000
4.560000 1.000000 1.000000 0.359106 0.000000 0.640894 100.000000
4.570000 1.000000 1.000000 0.376178 0.000000 0.623822 100.000000
4.580000 1.000000 1.000000 0.375815 0.000000 0.624185 100.000000
4.590000 1.000000 1.000000 0.382033 0.000000 0.617967 100.000000
4.600000 1.000000 1.000000 0.362768 0.000000 0.637232 100.000000
4.610000 1.000000 1.000000 0.372991 0.000000 0.627009 100.000000
4.620000 1.000000 1.000000 0.388364 0.000000 0.611636 100.000000
4.630000 1.000000 1.000000 0.383540 0.000000 0.616460 100.000000
4.640000 1.000000 1.000000 0.383644 0.000000 0.616356 100.000000
4.650000 1.000000 1.000000 0.394998 0.000000 0.605002 100.000000
4.660000 1.000000 1.000000 0.392885 0.000000 0.607115 100.000000
4.670000 1.000000 1.000000 0.387783 0.000000 0.612217 100.000000
4.680000 1.000000 1.000000 0.397788 0.000000 0.602212 100.000000
4.690000 1.000000 1.000000 0.397156 0.000000 0.602844 100.000000
4.700000 1.000000 1.000000 0.406120 0.000000 0.593880 100.000000
4.710000 1.000000 1.000000 0.415326 0.000000 0.584674 100.000000
4.720000 1.000000 1.000000 0.410299 0.000000 0.589701 100.000000
4.730000 1.000000 1.000000 0.410251 0.000000 0.589749 100.000000
4.740000 1.000000 1.000000 0.425431 0.000000 0.574569 100.000000
4.750000 1.000000 1.000000 0.423270 0.000000 0.576730 100.000000
4.760000 1.000000 1.000000 0.425122 0.000000 0.574878 100.000000
4.770000 1.000000 1.000000 0.414036 0.000000 0.585964 100.000000
4.780000 1.000000 1.000000 0.436420 0.000000 0.563580 100.000000
4.790000 1.000000 1.000000 0.439766 0.000000 0.560234 100.000000
4.800000 1.000000 1.000000 0.436422 0.000000 0.563578 100.000000
4.810000 1.000000 1.000000 0.444524 0.000000 0.555476 100.000000
4.820000 1.000000 1.000000 0.444240 0.000000 0.555760 100.000000
4.830000 1.000000 1.000000 0.450721 0.000000 0.549279 100.000000
4.840000 1.000000 1.000000 0.463214 0.000000 0.536786 100.000000
4.850000 1.000000 1.000000 0.463984 0.000000 0.536016 100.000000
4.860000 1.000000 1.000000 0.472395 0.000000 0.527605 100.000000
4.870000 1.000000 1.000000 0.470193 0.000000 0.529807 100.000000
4.880000 1.000000 1.000000 0.481375 0.000000 0.518625 100.000000
4.890000 1.000000 1.000000 0.481340 0.000000 0.518660 100.000000
4.900000 1.000000 1.000000 0.478915 0.000000 0.521085 100.000000
4.910000 1.000000 1.000000 0.483782 0.000000 0.516218 100.000000
4.920000 1.000000 1.000000 0.493345 0.000000 0.506655 100.000000
4.930000 1.000000 1.000000 0.492445 0.000000 0.507555 100.000000
4.940000 1.000000 1.000000 0.498146 0.000000 0.501854 100.000000
4.950000 1.000000 1.000000 0.495143 0.000000 0.504857 100.000000
4.960000 1.000000 1.000000 0.510057 0.000000 0.489943 100.000000
4.970000 1.000000 1.000000 0.515072 0.000000 0.484928 100.000000
4.980000 1.000000 1.000000 0.519159 0.000000 0.480841 100.000000
4.990000 1.000000 1.000000 0.515321 0.000000 0.484679 100.000000
5.000000 1.000000 1.000000 0.518701 0.000000 0.481299 100.000000
5.010000 1.000000 1.000000 0.519214 0.000000 0.480786 100.000000
5.020000 1.000000 1.000000 0.525293 0.000000 0.474707 100.000000
5.030000 1.000000 1.000000 0.534283 0.000000 0.465717 100.000000
5.040000 1.000000 1.000000 0.535705 0.000000 0.464295 100.000000
5.050000 1.000000 1.000000 0.538747 0.000000 0.461253 100.000000
5.060000 1.000000 1.000000 0.546483 0.000000 0.453517 100.000000
5.070000 1.000000 1.000000 0.550134 0.000000 0.449866 100.000000
5.080000 1.000000 1.000000 0.547359 0.000000 0.452641 100.000000
5.090000 1.000000 1.000000 0.564054 0.000000 0.435946 100.000000
5.100000 1.000000 1.000000 0.548043 0.000000 0.451957 100.000000
5.110000 1.000000 1.000000 0.557530 0.000000 0.442470 100.000000
5.120000 1.000000 1.000000 0.569304 0.000000 0.430696 100.000000
5.130000 1.000000 1.000000 0.569669 0.000000 0.430331 100.000000
5.140000 1.000000 1.000000 0.581014 0.000000 0.418986 100.000000
5.150000 1.000000 1.000000 0.590122 0.000000 0.409878 100.000000
5.160000 1.000000 1.000000 0.589202 0.000000 0.410798 100.000000
5.170000 1.000000 1.000000 0.581384 0.000000 0.418616 100.000000
5.180000 1.000000 1.000000 0.581423 0.000000 0.418577 100.000000
5.190000 1.000000 1.000000 0.597307 0.000000 0.402693 100.000000
5.200000 1.000000 1.000000 0.588756 0.000000 0.411244 100.000000
5.210000 1.000000 1.000000 0.597444 0.000000 0.402556 100.000000
5.220000 1.000000 1.000000 0.607366 0.000000 0.392634 100.000000
5.230000 1.000000 1.000000 0.613963 0.000000 0.386037 100.000000
5.240000 1.000000 1.000000 0.611339 0.000000 0.388661 100.000000
5.250000 1.000000 1.000000 0.615854 0.000000 0.384146 100.000000
5.260000 1.000000 1.000000 0.617550 0.000000 0.382450 100.000000
5.270000 1.000000 1.000000 0.614145 0.000000 0.385855 100.000000
5.280000 1.000000 1.000000 0.619801 0.000000 0.380199 100.000000
5.290000 1.000000 1.000000 0.644158 0.000000 0.355842 100.000000
5.300000 1.000000 1.000000 0.626172 0.000000 0.373828 100.000000
5.310000 1.000000 1.000000 0.643591 0.000000 0.356409 100.000000
5.320000 1.000000 1.000000 0.638607 0.000000 0.361393 100.000000
5.330000 1.000000 1.000000 0.654506 0.000000 0.345494 100.000000
5.340000 1.000000 1.000000 0.651879 0.000000 0.348121 100.000000
5.350000 1.000000 1.000000 0.655423 0.000000 0.344577 100.000000
5.360000 1.000000 1.000000 0.643910 0.000000 0.356090 100.000000
5.370000 1.000000 1.000000 0.654145 0.000000 0.345855 100.000000
5.380000 1.000000 1.000000 0.661259 0.000000 0.338741 100.000000
5.390000 1.000000 1.000000 0.662295 0.000000 0.337705 100.000000
5.400000 1.000000 1.000000 0.657026 0.000000 0.342974 100.000000
5.410000 1.000000 1.000000 0.661813 0.000879 0.337308 100.000000
5.420000 1.000000 1.000000 0.657441 0.000000 0.342559 100.000000
5.430000 1.000000 1.000000 0.664858 0.000000 0.335142 100.000000
5.440000 1.000000 1.000000 0.678832 0.000818 0.320350 100.000000
5.450000 1.000000 1.000000 0.680832 0.000788 0.318380 100.000000
5.460000 1.000000 1.000000 0.675785 0.003651 0.320564 100.000000
5.470000 1.000000 1.000000 0.695919 0.002164 0.301917 100.000000
5.480000 1.000000 1.000000 0.668014 0.001998 0.329988 100.000000
5.490000 1.000000 1.000000 0.718792 0.003209 0.277999 100.000000
5.500000 1.000000 1.000000 0.700630 0.002449 0.296922 100.000000
