2.000000 0.000000 0.000000 1.000000 0.000000 7.000000
2.100000 0.000000 0.000000 1.000000 0.000000 7.000000
2.200000 0.000000 0.000000 1.000000 0.000000 7.000000
2.300000 0.000000 0.000000 1.000000 0.000000 7.000000
2.400000 0.000000 0.000000 1.000000 0.000000 7.000000
2.500000 0.000000 0.000000 1.000000 0.000000 7.000000
2.600000 0.000000 0.000000 1.000000 0.000000 7.000000
2.700000 0.000000 0.000000 1.000000 0.000000 7.000000
2.800000 0.000000 0.000000 1.000000 0.000000 7.000000
2.900000 0.000000 0.000000 1.000000 0.000000 7.000000
3.000000 0.000000 0.000000 1.000000 0.000000 7.000000
3.100000 0.000000 0.000000 1.000000 0.000000 7.000000
3.200000 0.000000 0.000000 1.000000 0.000000 7.000000
3.300000 0.000000 0.000000 1.000000 0.000000 7.000000
3.400000 0.000000 0.000000 1.000000 0.000000 7.000000
3.500000 0.000000 0.000000 1.000000 0.000000 7.000000
3.600000 0.000000 0.000000 1.000000 0.000000 7.000000
3.700000 0.000000 0.000000 1.000000 0.000000 7.000000
3.800000 0.000000 0.054575 0.945425 0.000000 7.000000
3.900000 0.000000 0.136532 0.863468 0.000000 7.000000
4.000000 0.000000 0.222908 0.777092 0.000000 7.000000
4.100000 0.000000 0.381006 0.618994 0.000000 7.000000
4.200000 0.000000 0.542951 0.457049 0.000000 7.000000
4.300000 0.000000 0.642564 0.357436 0.000000 7.000000
4.400000 0.000000 0.687686 0.312314 0.000000 7.000000
4.500000 0.000000 0.701120 0.298880 0.000000 7.000000
4.600000 0.000000 0.710049 0.289951 0.000000 7.000000
4.700000 0.000000 0.718798 0.281202 0.000000 7.000000
4.800000 0.000000 0.737876 0.262124 0.000000 7.000000
4.900000 0.000000 0.787632 0.212368 0.000000 7.000000
5.000000 0.000000 0.880939 0.119061 0.000000 7.000000
5.100000 0.000000 0.963737 0.036263 0.000000 6.000000
5.200000 0.000000 0.985743 0.014257 0.000000 6.000000
5.300000 0.000000 0.991004 0.008996 0.000000 6.000000
5.400000 0.000000 0.992999 0.007001 0.000000 6.000000
5.500000 0.000000 0.993040 0.006960 0.000000 6.000000
5.600000 0.000000 0.993561 0.006439 0.000000 6.000000
5.700000 0.000000 0.993286 0.006714 0.000000 6.000000
5.800000 0.000000 0.993540 0.006460 0.000000 6.000000
5.900000 0.000000 0.992568 0.007432 0.000000 6.000000
6.000000 0.000000 0.991147 0.008853 0.000000 6.000000
6.100000 0.000000 0.989794 0.010206 0.000000 6.000000
6.200000 0.000000 0.989217 0.010783 0.000000 6.000000
6.300000 0.000000 0.990433 0.009567 0.000000 6.000000
6.400000 0.000000 0.993747 0.006253 0.000000 6.000000
6.500000 0.000000 0.996624 0.003376 0.000000 6.000000
6.600000 0.000000 0.998492 0.001508 0.000000 6.000000
6.700000 0.000000 0.999290 0.000710 0.000000 6.000000
6.800000 0.000000 0.999586 0.000414 0.000000 6.000000
6.900000 0.000000 0.999774 0.000226 0.000000 6.000000
7.000000 0.000000 0.999790 0.000210 0.000000 6.000000
