2.000000 0.000000 0.000000 1.000000 0.000000 6.000000
2.100000 0.000000 0.000000 1.000000 0.000000 6.000000
2.200000 0.000000 0.000000 1.000000 0.000000 6.000000
2.300000 0.000000 0.000000 1.000000 0.000000 6.000000
2.400000 0.000000 0.000000 1.000000 0.000000 6.000000
2.500000 0.000000 0.000000 1.000000 0.000000 6.000000
2.600000 0.000000 0.000000 1.000000 0.000000 6.000000
2.700000 0.000000 0.000000 1.000000 0.000000 6.000000
2.800000 0.000000 0.000000 1.000000 0.000000 6.000000
2.900000 0.000000 0.000000 1.000000 0.000000 6.000000
3.000000 0.000000 0.000000 1.000000 0.000000 6.000000
3.100000 0.000000 0.000000 1.000000 0.000000 6.000000
3.200000 0.000000 0.000000 1.000000 0.000000 6.000000
3.300000 0.000000 0.000000 1.000000 0.000000 6.000000
3.400000 0.000000 0.000000 1.000000 0.000000 6.000000
3.500000 0.000000 0.000000 1.000000 0.000000 6.000000
3.600000 0.000000 0.000000 1.000000 0.000000 6.000000
3.700000 0.000000 0.000000 1.000000 0.000000 6.000000
3.800000 0.000000 0.000000 1.000000 0.000000 6.000000
3.900000 0.000000 0.000000 1.000000 0.000000 6.000000
4.000000 0.000000 0.000000 1.000000 0.000000 6.000000
4.100000 0.000000 0.000000 1.000000 0.000000 6.000000
4.200000 0.000000 0.000000 1.000000 0.000000 6.000000
4.300000 0.000000 0.000000 1.000000 0.000000 6.000000
4.400000 0.000000 0.000000 1.000000 0.000000 6.000000
4.500000 0.000000 0.000000 1.000000 0.000000 6.000000
4.600000 0.000000 0.000000 1.000000 0.000000 6.000000
4.700000 0.000000 0.000000 1.000000 0.000000 6.000000
4.800000 0.000000 0.000000 1.000000 0.000000 6.000000
4.900000 0.000000 0.000000 1.000000 0.000000 6.000000
5.000000 0.000000 0.000000 1.000000 0.000000 6.000000
5.100000 0.000000 0.000000 1.000000 0.000000 6.000000
5.200000 0.000000 0.000000 1.000000 0.000000 6.000000
5.300000 0.000000 0.000000 1.000000 0.000000 6.000000
5.400000 0.000000 0.000000 1.000000 0.000000 6.000000
5.500000 0.000000 0.000000 1.000000 0.000000 6.000000
5.600000 0.000000 0.000000 1.000000 0.000000 6.000000
5.700000 0.000000 0.000000 1.000000 0.000000 6.000000
5.800000 0.000000 0.000000 1.000000 0.000000 6.000000
5.900000 0.000000 0.000000 1.000000 0.000000 6.000000
6.000000 0.000000 0.188942 0.811058 0.000000 6.000000
6.100000 0.000000 0.100538 0.899463 0.000000 6.000000
6.200000 0.000000 0.305833 0.694167 0.000000 6.000000
6.300000 0.000000 0.453204 0.546796 0.000000 6.000000
6.400000 0.000000 0.491437 0.508562 0.000000 6.000000
6.500000 0.000000 0.508258 0.491742 0.000000 6.000000
6.600000 0.000000 0.527646 0.472354 0.000000 6.000000
6.700000 0.000000 0.555792 0.444208 0.000000 6.000000
6.800000 0.000000 0.617921 0.382079 0.000000 6.000000
6.900000 0.000000 0.651942 0.348058 0.000000 6.000000
7.000000 0.000000 0.654954 0.345046 0.000000 6.000000
7.100000 0.000000 0.672613 0.327387 0.000000 6.000000
7.200000 0.000000 0.684150 0.315850 0.000000 6.000000
7.300000 0.000000 0.713512 0.286488 0.000000 6.000000
7.400000 0.000000 0.748687 0.251312 0.000000 6.000000
7.500000 0.000000 0.770420 0.229580 0.000000 5.000000
7.600000 0.000000 0.788805 0.211195 0.000000 5.000000
7.700000 0.000000 0.797580 0.202420 0.000000 5.000000
7.800000 0.000000 0.799335 0.200665 0.000000 5.000000
7.900000 0.000000 0.805135 0.194865 0.000000 5.000000
8.000000 0.000000 0.822550 0.177450 0.000000 5.000000
8.100000 0.000000 0.849615 0.150385 0.000000 5.000000
8.200000 0.000000 0.881230 0.118770 0.000000 5.000000
8.300000 0.000000 0.892460 0.107540 0.000000 5.000000
8.400000 0.000000 0.895510 0.104490 0.000000 5.000000
8.500000 0.000000 0.901980 0.098020 0.000000 5.000000
8.600000 0.000000 0.902500 0.097500 0.000000 5.000000
8.700000 0.000000 0.902795 0.097205 0.000000 5.000000
8.800000 0.000000 0.909350 0.090650 0.000000 5.000000
8.900000 0.000000 0.926125 0.073875 0.000000 5.000000
9.000000 0.000000 0.947330 0.052670 0.000000 5.000000
9.100000 0.000000 0.971080 0.028920 0.000000 5.000000
9.200000 0.000000 0.980785 0.019215 0.000000 5.000000
9.300000 0.000000 0.983505 0.016495 0.000000 5.000000
9.400000 0.000000 0.986455 0.013545 0.000000 5.000000
9.500000 0.000000 0.986665 0.013335 0.000000 5.000000
9.600000 0.000000 0.986815 0.013185 0.000000 5.000000
9.700000 0.000000 0.987850 0.012150 0.000000 5.000000
9.800000 0.000000 0.988965 0.011035 0.000000 5.000000
9.900000 0.000000 0.990610 0.009390 0.000000 5.000000
10.000000 0.000000 0.994325 0.005675 0.000000 5.000000
10.100000 0.000000 0.997905 0.002095 0.000000 5.000000
10.200000 0.000000 0.999480 0.000520 0.000000 5.000000
10.300000 0.000000 0.999675 0.000325 0.000000 5.000000
10.400000 0.000000 1.000000 0.000000 0.000000 5.000000
10.500000 0.000000 1.000000 0.000000 0.000000 5.000000
10.600000 0.000000 1.000000 0.000000 0.000000 5.000000
10.700000 0.000000 1.000000 0.000000 0.000000 5.000000
10.800000 0.000000 1.000000 0.000000 0.000000 5.000000
10.900000 0.000000 1.000000 0.000000 0.000000 5.000000
11.000000 0.000000 1.000000 0.000000 0.000000 5.000000
