3.000000 0.600000 0.600000 0.000000 1.000000 0.000000 100.000000
3.010000 0.600000 0.600000 0.000000 1.000000 0.000000 100.000000
3.020000 0.600000 0.600000 0.000000 1.000000 0.000000 100.000000
3.030000 0.600000 0.600000 0.000000 1.000000 0.000000 100.000000
3.040000 0.600000 0.600000 0.000000 1.000000 0.000000 100.000000
3.050000 0.600000 0.600000 0.000000 1.000000 0.000000 100.000000
3.060000 0.600000 0.600000 0.000000 1.000000 0.000000 100.000000
3.070000 0.600000 0.600000 0.000000 1.000000 0.000000 100.000000
3.080000 0.600000 0.600000 0.000000 1.000000 0.000000 100.000000
3.090000 0.600000 0.600000 0.000000 1.000000 0.000000 100.000000
3.100000 0.600000 0.600000 0.000000 1.000000 0.000000 100.000000
3.110000 0.600000 0.600000 0.000000 1.000000 0.000000 100.000000
3.120000 0.600000 0.600000 0.000000 1.000000 0.000000 100.000000
3.130000 0.600000 0.600000 0.000000 1.000000 0.000000 100.000000
3.140000 0.600000 0.600000 0.000000 1.000000 0.000000 100.000000
3.150000 0.600000 0.600000 0.000000 1.000000 0.000000 100.000000
3.160000 0.600000 0.600000 0.000000 1.000000 0.000000 100.000000
3.170000 0.600000 0.600000 0.000000 1.000000 0.000000 100.000000
3.180000 0.600000 0.600000 0.000000 1.000000 0.000000 100.000000
3.190000 0.600000 0.600000 0.000000 1.000000 0.000000 100.000000
3.200000 0.600000 0.600000 0.000000 1.000000 0.000000 100.000000
3.210000 0.600000 0.600000 0.000000 1.000000 0.000000 100.000000
3.220000 0.600000 0.600000 0.000000 1.000000 0.000000 100.000000
3.230000 0.600000 0.600000 0.000000 1.000000 0.000000 100.000000
3.240000 0.600000 0.600000 0.000000 1.000000 0.000000 100.000000
3.250000 0.600000 0.600000 0.000000 1.000000 0.000000 100.000000
3.260000 0.600000 0.600000 0.000000 1.000000 0.000000 100.000000
3.270000 0.600000 0.600000 0.000000 1.000000 0.000000 100.000000
3.280000 0.600000 0.600000 0.000000 1.000000 0.000000 100.000000
3.290000 0.600000 0.600000 0.000000 1.000000 0.000000 100.000000
3.300000 0.600000 0.600000 0.000000 1.000000 0.000000 100.000000
3.310000 0.600000 0.600000 0.000000 1.000000 0.000000 100.000000
3.320000 0.600000 0.600000 0.000000 1.000000 0.000000 100.000000
3.330000 0.600000 0.600000 0.000000 1.000000 0.000000 100.000000
3.340000 0.600000 0.600000 0.000000 1.000000 0.000000 100.000000
3.350000 0.600000 0.600000 0.000000 1.000000 0.000000 100.000000
3.360000 0.600000 0.600000 0.000000 1.000000 0.000000 100.000000
3.370000 0.600000 0.600000 0.000000 1.000000 0.000000 100.000000
3.380000 0.600000 0.600000 0.000000 1.000000 0.000000 100.000000
3.390000 0.600000 0.600000 0.000000 1.000000 0.000000 100.000000
3.400000 0.600000 0.600000 0.000000 1.000000 0.000000 100.000000
3.410000 0.600000 0.600000 0.000000 1.000000 0.000000 100.000000
3.420000 0.600000 0.600000 0.000000 1.000000 0.000000 100.000000
3.430000 0.600000 0.600000 0.000000 1.000000 0.000000 100.000000
3.440000 0.600000 0.600000 0.000000 1.000000 0.000000 100.000000
3.450000 0.600000 0.600000 0.000000 1.000000 0.000000 100.000000
3.460000 0.600000 0.600000 0.000000 1.000000 0.000000 100.000000
3.470000 0.600000 0.600000 0.000000 1.000000 0.000000 100.000000
3.480000 0.600000 0.600000 0.000000 1.000000 0.000000 100.000000
3.490000 0.600000 0.600000 0.000000 1.000000 0.000000 100.000000
3.500000 0.600000 0.600000 0.000000 1.000000 0.000000 100.000000
3.510000 0.600000 0.600000 0.000000 1.000000 0.000000 100.000000
3.520000 0.600000 0.600000 0.000000 1.000000 0.000000 100.000000
3.530000 0.600000 0.600000 0.000000 1.000000 0.000000 100.000000
3.540000 0.600000 0.600000 0.000000 1.000000 0.000000 100.000000
3.550000 0.600000 0.600000 0.000000 1.000000 0.000000 100.000000
3.560000 0.600000 0.600000 0.000000 1.000000 0.000000 100.000000
3.570000 0.600000 0.600000 0.000000 1.000000 0.000000 100.000000
3.580000 0.600000 0.600000 0.000000 1.000000 0.000000 100.000000
3.590000 0.600000 0.600000 0.000000 1.000000 0.000000 100.000000
3.600000 0.600000 0.600000 0.000000 1.000000 0.000000 100.000000
3.610000 0.600000 0.600000 0.000000 1.000000 0.000000 100.000000
3.620000 0.600000 0.600000 0.000000 1.000000 0.000000 100.000000
3.630000 0.600000 0.600000 0.000000 1.000000 0.000000 100.000000
3.640000 0.600000 0.600000 0.000000 1.000000 0.000000 100.000000
3.650000 0.600000 0.600000 0.000000 1.000000 0.000000 100.000000
3.660000 0.600000 0.600000 0.000000 1.000000 0.000000 100.000000
3.670000 0.600000 0.600000 0.000000 1.000000 0.000000 100.000000
3.680000 0.600000 0.600000 0.000000 1.000000 0.000000 100.000000
3.690000 0.600000 0.600000 0.000000 1.000000 0.000000 100.000000
3.700000 0.600000 0.600000 0.000000 1.000000 0.000000 100.000000
3.710000 0.600000 0.600000 0.000000 1.000000 0.000000 100.000000
3.720000 0.600000 0.600000 0.000000 1.000000 0.000000 100.000000
3.730000 0.600000 0.600000 0.000373 0.990000 0.009627 100.000000
3.740000 0.600000 0.600000 0.000000 1.000000 0.000000 100.000000
3.750000 0.600000 0.600000 0.000000 1.000000 0.000000 100.000000
3.760000 0.600000 0.600000 0.000000 1.000000 0.000000 100.000000
3.770000 0.600000 0.600000 0.000000 1.000000 0.000000 100.000000
3.780000 0.600000 0.600000 0.000000 1.000000 0.000000 100.000000
3.790000 0.600000 0.600000 0.000000 1.000000 0.000000 100.000000
3.800000 0.600000 0.600000 0.001891 0.980000 0.018109 100.000000
3.810000 0.600000 0.600000 0.000000 1.000000 0.000000 100.000000
3.820000 0.600000 0.600000 0.000000 1.000000 0.000000 100.000000
3.830000 0.600000 0.600000 0.001870 0.990000 0.008130 100.000000
3.840000 0.600000 0.600000 0.002238 0.990000 0.007762 100.000000
3.850000 0.600000 0.600000 0.005203 0.970000 0.024797 100.000000
3.860000 0.600000 0.600000 0.007092 0.940000 0.052908 100.000000
3.870000 0.600000 0.600000 0.012276 0.920000 0.067724 100.000000
3.880000 0.600000 0.600000 0.017401 0.870000 0.112599 100.000000
3.890000 0.600000 0.600000 0.020536 0.850000 0.129464 100.000000
3.900000 0.600000 0.600000 0.025446 0.830000 0.144554 100.000000
3.910000 0.600000 0.600000 0.038435 0.760000 0.201565 100.000000
3.920000 0.600000 0.600000 0.043568 0.740000 0.216432 100.000000
3.930000 0.600000 0.600000 0.030365 0.740000 0.229635 100.000000
3.940000 0.600000 0.600000 0.052965 0.650000 0.297035 100.000000
3.950000 0.600000 0.600000 0.067808 0.530000 0.402192 100.000000
3.960000 0.600000 0.600000 0.078687 0.490000 0.431313 100.000000
3.970000 0.600000 0.600000 0.079226 0.450000 0.470774 100.000000
3.980000 0.600000 0.600000 0.090363 0.390000 0.519637 100.000000
3.990000 0.600000 0.600000 0.100640 0.350000 0.549360 100.000000
4.000000 0.600000 0.600000 0.099989 0.290000 0.610011 100.000000
4.010000 0.600000 0.600000 0.115770 0.250000 0.634230 100.000000
4.020000 0.600000 0.600000 0.125624 0.190000 0.684376 100.000000
4.030000 0.600000 0.600000 0.134247 0.090000 0.775753 100.000000
4.040000 0.600000 0.600000 0.134933 0.130000 0.735067 100.000000
4.050000 0.600000 0.600000 0.141991 0.070000 0.788009 100.000000
4.060000 0.600000 0.600000 0.145751 0.020000 0.834249 100.000000
4.070000 0.600000 0.600000 0.165095 0.000000 0.834905 100.000000
4.080000 0.600000 0.600000 0.144987 0.040000 0.815013 100.000000
4.090000 0.600000 0.600000 0.162617 0.000000 0.837383 100.000000
4.100000 0.600000 0.600000 0.166880 0.000000 0.833120 100.000000
4.110000 0.600000 0.600000 0.154645 0.010000 0.835355 100.000000
4.120000 0.600000 0.600000 0.146286 0.010000 0.843714 100.000000
4.130000 0.600000 0.600000 0.155394 0.000000 0.844606 100.000000
4.140000 0.600000 0.600000 0.168992 0.000000 0.831008 100.000000
4.150000 0.600000 0.600000 0.172615 0.000000 0.827385 100.000000
4.160000 0.600000 0.600000 0.166741 0.000000 0.833259 100.000000
4.170000 0.600000 0.600000 0.171629 0.000000 0.828371 100.000000
4.180000 0.600000 0.600000 0.174914 0.000000 0.825086 100.000000
4.190000 0.600000 0.600000 0.169024 0.000000 0.830976 100.000000
4.200000 0.600000 0.600000 0.174435 0.000000 0.825565 100.000000
4.210000 0.600000 0.600000 0.172166 0.000000 0.827834 100.000000
4.220000 0.600000 0.600000 0.184094 0.000000 0.815906 100.000000
4.230000 0.600000 0.600000 0.179407 0.000000 0.820593 100.000000
4.240000 0.600000 0.600000 0.172726 0.000000 0.827274 100.000000
4.250000 0.600000 0.600000 0.187367 0.000000 0.812633 100.000000
4.260000 0.600000 0.600000 0.191469 0.000000 0.808531 100.000000
4.270000 0.600000 0.600000 0.187201 0.000000 0.812799 100.000000
4.280000 0.600000 0.600000 0.202197 0.000000 0.797803 100.000000
4.290000 0.600000 0.600000 0.193269 0.000000 0.806731 100.000000
4.300000 0.600000 0.600000 0.202444 0.000000 0.797556 100.000000
4.310000 0.600000 0.600000 0.205571 0.000000 0.794429 100.000000
4.320000 0.600000 0.600000 0.197082 0.000000 0.802918 100.000000
4.330000 0.600000 0.600000 0.216253 0.000000 0.783747 100.000000
4.340000 0.600000 0.600000 0.215749 0.000000 0.784251 100.000000
4.350000 0.600000 0.600000 0.213928 0.000000 0.786072 100.000000
4.360000 0.600000 0.600000 0.206744 0.000000 0.793256 100.000000
4.370000 0.600000 0.600000 0.219752 0.000000 0.780248 100.000000
4.380000 0.600000 0.600000 0.217437 0.000000 0.782563 100.000000
4.390000 0.600000 0.600000 0.219439 0.000000 0.780561 100.000000
4.400000 0.600000 0.600000 0.230677 0.000000 0.769323 100.000000
4.410000 0.600000 0.600000 0.232633 0.000000 0.767367 100.000000
4.420000 0.600000 0.600000 0.237954 0.000000 0.762046 100.000000
4.430000 0.600000 0.600000 0.246793 0.000000 0.753207 100.000000
4.440000 0.600000 0.600000 0.240445 0.000000 0.759555 100.000000
4.450000 0.600000 0.600000 0.250031 0.000000 0.749969 100.000000
4.460000 0.600000 0.600000 0.256895 0.000000 0.743105 100.000000
4.470000 0.600000 0.600000 0.258187 0.000000 0.741813 100.000000
4.480000 0.600000 0.600000 0.264478 0.000000 0.735522 100.000000
4.490000 0.600000 0.600000 0.261663 0.000000 0.738337 100.000000
4.500000 0.600000 0.600000 0.266368 0.000000 0.733632 100.000000
4.510000 0.600000 0.600000 0.260596 0.000000 0.739404 100.000000
4.520000 0.600000 0.600000 0.269098 0.000000 0.730902 100.000000
4.530000 0.600000 0.600000 0.270905 0.000000 0.729095 100.000000
4.540000 0.600000 0.600000 0.280093 0.000000 0.719907 100.000000
4.550000 0.600000 0.600000 0.284227 0.000000 0.715773 100.000000
4.560000 0.600000 0.600000 0.290763 0.000000 0.709237 100.000000
4.570000 0.600000 0.600000 0.290659 0.000000 0.709341 100.000000
4.580000 0.600000 0.600000 0.293015 0.000000 0.706985 100.000000
4.590000 0.600000 0.600000 0.294601 0.000000 0.705399 100.000000
4.600000 0.600000 0.600000 0.303344 0.000000 0.696656 100.000000
4.610000 0.600000 0.600000 0.301270 0.000000 0.698730 100.000000
4.620000 0.600000 0.600000 0.304849 0.000000 0.695151 100.000000
4.630000 0.600000 0.600000 0.302340 0.000000 0.697660 100.000000
4.640000 0.600000 0.600000 0.307925 0.000000 0.692075 100.000000
4.650000 0.600000 0.600000 0.320384 0.000000 0.679616 100.000000
4.660000 0.600000 0.600000 0.313346 0.000000 0.686654 100.000000
4.670000 0.600000 0.600000 0.317193 0.000000 0.682807 100.000000
4.680000 0.600000 0.600000 0.326435 0.000000 0.673565 100.000000
4.690000 0.600000 0.600000 0.339944 0.000000 0.660056 100.000000
4.700000 0.600000 0.600000 0.333342 0.000000 0.666658 100.000000
4.710000 0.600000 0.600000 0.341668 0.000000 0.658332 100.000000
4.720000 0.600000 0.600000 0.354017 0.000000 0.645983 100.000000
4.730000 0.600000 0.600000 0.346424 0.000000 0.653576 100.000000
4.740000 0.600000 0.600000 0.346663 0.000000 0.653337 100.000000
4.750000 0.600000 0.600000 0.348374 0.000000 0.651626 100.000000
4.760000 0.600000 0.600000 0.359387 0.000000 0.640613 100.000000
4.770000 0.600000 0.600000 0.356555 0.000000 0.643445 100.000000
4.780000 0.600000 0.600000 0.359439 0.000000 0.640561 100.000000
4.790000 0.600000 0.600000 0.347709 0.000000 0.652291 100.000000
4.800000 0.600000 0.600000 0.363485 0.000000 0.636515 100.000000
4.810000 0.600000 0.600000 0.369304 0.000000 0.630696 100.000000
4.820000 0.600000 0.600000 0.365975 0.000000 0.634025 100.000000
4.830000 0.600000 0.600000 0.372679 0.000000 0.627321 100.000000
4.840000 0.600000 0.600000 0.375906 0.000000 0.624094 100.000000
4.850000 0.600000 0.600000 0.372345 0.000000 0.627655 100.000000
4.860000 0.600000 0.600000 0.393929 0.000000 0.606071 100.000000
4.870000 0.600000 0.600000 0.388408 0.000000 0.611592 100.000000
4.880000 0.600000 0.600000 0.385906 0.000000 0.614094 100.000000
4.890000 0.600000 0.600000 0.399434 0.000000 0.600566 100.000000
4.900000 0.600000 0.600000 0.392985 0.000000 0.607015 100.000000
4.910000 0.600000 0.600000 0.406517 0.000000 0.593483 100.000000
4.920000 0.600000 0.600000 0.400162 0.000000 0.599838 100.000000
4.930000 0.600000 0.600000 0.414131 0.000000 0.585869 100.000000
4.940000 0.600000 0.600000 0.416866 0.000000 0.583134 100.000000
4.950000 0.600000 0.600000 0.415675 0.000000 0.584325 100.000000
4.960000 0.600000 0.600000 0.420352 0.000000 0.579648 100.000000
4.970000 0.600000 0.600000 0.425635 0.000000 0.574365 100.000000
4.980000 0.600000 0.600000 0.432340 0.000000 0.567660 100.000000
4.990000 0.600000 0.600000 0.427044 0.000000 0.572956 100.000000
5.000000 0.600000 0.600000 0.434496 0.000000 0.565504 100.000000
5.010000 0.600000 0.600000 0.437644 0.000000 0.562356 100.000000
5.020000 0.600000 0.600000 0.438858 0.000000 0.561142 100.000000
5.030000 0.600000 0.600000 0.444790 0.000000 0.555210 100.000000
5.040000 0.600000 0.600000 0.456585 0.000000 0.543415 100.000000
5.050000 0.600000 0.600000 0.449394 0.000000 0.550606 100.000000
5.060000 0.600000 0.600000 0.462875 0.000000 0.537125 100.000000
5.070000 0.600000 0.600000 0.462182 0.000000 0.537818 100.000000
5.080000 0.600000 0.600000 0.466970 0.000000 0.533030 100.000000
5.090000 0.600000 0.600000 0.474901 0.000000 0.525099 100.000000
5.100000 0.600000 0.600000 0.469397 0.000000 0.530603 100.000000
5.110000 0.600000 0.600000 0.475025 0.000000 0.524975 100.000000
5.120000 0.600000 0.600000 0.488871 0.000000 0.511129 100.000000
5.130000 0.600000 0.600000 0.501162 0.000000 0.498838 100.000000
5.140000 0.600000 0.600000 0.493983 0.000000 0.506017 100.000000
5.150000 0.600000 0.600000 0.500147 0.000000 0.499853 100.000000
5.160000 0.600000 0.600000 0.498610 0.000000 0.501390 100.000000
5.170000 0.600000 0.600000 0.514223 0.000000 0.485777 100.000000
5.180000 0.600000 0.600000 0.504282 0.000000 0.495718 100.000000
5.190000 0.600000 0.600000 0.517769 0.000000 0.482231 100.000000
5.200000 0.600000 0.600000 0.517395 0.000000 0.482605 100.000000
5.210000 0.600000 0.600000 0.529028 0.000000 0.470972 100.000000
5.220000 0.600000 0.600000 0.529266 0.000000 0.470734 100.000000
5.230000 0.600000 0.600000 0.524214 0.000000 0.475786 100.000000
5.240000 0.600000 0.600000 0.532896 0.000000 0.467104 100.000000
5.250000 0.600000 0.600000 0.541029 0.000000 0.458971 100.000000
5.260000 0.600000 0.600000 0.542363 0.000000 0.457637 100.000000
5.270000 0.600000 0.600000 0.559197 0.000000 0.440803 100.000000
5.280000 0.600000 0.600000 0.547326 0.000000 0.452674 100.000000
5.290000 0.600000 0.600000 0.553487 0.000000 0.446513 100.000000
5.300000 0.600000 0.600000 0.556400 0.000000 0.443600 100.000000
5.310000 0.600000 0.600000 0.554388 0.000000 0.445612 100.000000
5.320000 0.600000 0.600000 0.556565 0.000000 0.443435 100.000000
5.330000 0.600000 0.600000 0.558484 0.000000 0.441516 100.000000
5.340000 0.600000 0.600000 0.577560 0.000000 0.422440 100.000000
5.350000 0.600000 0.600000 0.576195 0.000000 0.423805 100.000000
5.360000 0.600000 0.600000 0.577827 0.000000 0.422173 100.000000
5.370000 0.600000 0.600000 0.590337 0.000000 0.409663 100.000000
5.380000 0.600000 0.600000 0.605727 0.000000 0.394273 100.000000
5.390000 0.600000 0.600000 0.583372 0.000000 0.416628 100.000000
5.400000 0.600000 0.600000 0.586803 0.000000 0.413197 100.000000
5.410000 0.600000 0.600000 0.613300 0.000000 0.386700 100.000000
5.420000 0.600000 0.600000 0.585156 0.000000 0.414844 100.000000
5.430000 0.600000 0.600000 0.576483 0.000000 0.423517 100.000000
5.440000 0.600000 0.600000 0.600393 0.000000 0.399607 100.000000
5.450000 0.600000 0.600000 0.615317 0.000000 0.384683 100.000000
5.460000 0.600000 0.600000 0.610847 0.000000 0.389153 100.000000
5.470000 0.600000 0.600000 0.622842 0.000000 0.377158 100.000000
5.480000 0.600000 0.600000 0.614297 0.000000 0.385703 100.000000
5.490000 0.600000 0.600000 0.633870 0.001979 0.364151 100.000000
5.500000 0.600000 0.600000 0.634905 0.001918 0.363177 100.000000
