2.400000 1.200000 1.200000 0.000000 1.000000 0.000000 100.000000
2.410000 1.200000 1.200000 0.000000 1.000000 0.000000 100.000000
2.420000 1.200000 1.200000 0.000000 1.000000 0.000000 100.000000
2.430000 1.200000 1.200000 0.000000 1.000000 0.000000 100.000000
2.440000 1.200000 1.200000 0.000000 1.000000 0.000000 100.000000
2.450000 1.200000 1.200000 0.000000 1.000000 0.000000 100.000000
2.460000 1.200000 1.200000 0.000000 1.000000 0.000000 100.000000
2.470000 1.200000 1.200000 0.000000 1.000000 0.000000 100.000000
2.480000 1.200000 1.200000 0.000000 1.000000 0.000000 100.000000
2.490000 1.200000 1.200000 0.000000 1.000000 0.000000 100.000000
2.500000 1.200000 1.200000 0.000000 1.000000 0.000000 100.000000
2.510000 1.200000 1.200000 0.000000 1.000000 0.000000 100.000000
2.520000 1.200000 1.200000 0.000000 1.000000 0.000000 100.000000
2.530000 1.200000 1.200000 0.000000 1.000000 0.000000 100.000000
2.540000 1.200000 1.200000 0.000000 1.000000 0.000000 100.000000
2.550000 1.200000 1.200000 0.000000 1.000000 0.000000 100.000000
2.560000 1.200000 1.200000 0.000000 1.000000 0.000000 100.000000
2.570000 1.200000 1.200000 0.000000 1.000000 0.000000 100.000000
2.580000 1.200000 1.200000 0.000000 1.000000 0.000000 100.000000
2.590000 1.200000 1.200000 0.000000 1.000000 0.000000 100.000000
2.600000 1.200000 1.200000 0.000000 1.000000 0.000000 100.000000
2.610000 1.200000 1.200000 0.000000 1.000000 0.000000 100.000000
2.620000 1.200000 1.200000 0.000000 1.000000 0.000000 100.000000
2.630000 1.200000 1.200000 0.000000 1.000000 0.000000 100.000000
2.640000 1.200000 1.200000 0.000000 1.000000 0.000000 100.000000
2.650000 1.200000 1.200000 0.000000 1.000000 0.000000 100.000000
2.660000 1.200000 1.200000 0.000000 1.000000 0.000000 100.000000
2.670000 1.200000 1.200000 0.000000 1.000000 0.000000 100.000000
2.680000 1.200000 1.200000 0.000000 1.000000 0.000000 100.000000
2.690000 1.200000 1.200000 0.000000 1.000000 0.000000 100.000000
2.700000 1.200000 1.200000 0.000000 1.000000 0.000000 100.000000
2.710000 1.200000 1.200000 0.000000 1.000000 0.000000 100.000000
2.720000 1.200000 1.200000 0.000000 1.000000 0.000000 100.000000
2.730000 1.200000 1.200000 0.000000 1.000000 0.000000 100.000000
2.740000 1.200000 1.200000 0.000000 1.000000 0.000000 100.000000
2.750000 1.200000 1.200000 0.000000 1.000000 0.000000 100.000000
2.760000 1.200000 1.200000 0.000000 1.000000 0.000000 100.000000
2.770000 1.200000 1.200000 0.000000 1.000000 0.000000 100.000000
2.780000 1.200000 1.200000 0.000000 1.000000 0.000000 100.000000
2.790000 1.200000 1.200000 0.000000 1.000000 0.000000 100.000000
2.800000 1.200000 1.200000 0.000000 1.000000 0.000000 100.000000
2.810000 1.200000 1.200000 0.000000 1.000000 0.000000 100.000000
2.820000 1.200000 1.200000 0.000000 1.000000 0.000000 100.000000
2.830000 1.200000 1.200000 0.000000 1.000000 0.000000 100.000000
2.840000 1.200000 1.200000 0.000000 1.000000 0.000000 100.000000
2.850000 1.200000 1.200000 0.000000 1.000000 0.000000 100.000000
2.860000 1.200000 1.200000 0.000000 1.000000 0.000000 100.000000
2.870000 1.200000 1.200000 0.000000 1.000000 0.000000 100.000000
2.880000 1.200000 1.200000 0.000000 1.000000 0.000000 100.000000
2.890000 1.200000 1.200000 0.000000 1.000000 0.000000 100.000000
2.900000 1.200000 1.200000 0.000000 1.000000 0.000000 100.000000
2.910000 1.200000 1.200000 0.000000 1.000000 0.000000 100.000000
2.920000 1.200000 1.200000 0.000000 1.000000 0.000000 100.000000
2.930000 1.200000 1.200000 0.000000 1.000000 0.000000 100.000000
2.940000 1.200000 1.200000 0.002633 0.990000 0.007367 100.000000
2.950000 1.200000 1.200000 0.000886 0.980000 0.019114 100.000000
2.960000 1.200000 1.200000 0.003773 0.980000 0.016227 100.000000
2.970000 1.200000 1.200000 0.009311 0.930000 0.060689 100.000000
2.980000 1.200000 1.200000 0.011264 0.940000 0.048736 100.000000
2.990000 1.200000 1.200000 0.011540 0.930000 0.058460 100.000000
3.000000 1.200000 1.200000 0.031537 0.810000 0.158463 100.000000
3.010000 1.200000 1.200000 0.024424 0.820000 0.155576 100.000000
3.020000 1.200000 1.200000 0.031638 0.790000 0.178362 100.000000
3.030000 1.200000 1.200000 0.045759 0.750000 0.204241 100.000000
3.040000 1.200000 1.200000 0.065315 0.630000 0.304685 100.000000
3.050000 1.200000 1.200000 0.057469 0.640000 0.302531 100.000000
3.060000 1.200000 1.200000 0.072334 0.590000 0.337666 100.000000
3.070000 1.200000 1.200000 0.091408 0.460000 0.448592 100.000000
3.080000 1.200000 1.200000 0.104422 0.420000 0.475578 100.000000
3.090000 1.200000 1.200000 0.102307 0.400000 0.497693 100.000000
3.100000 1.200000 1.200000 0.111448 0.390000 0.498552 100.000000
3.110000 1.200000 1.200000 0.130094 0.300000 0.569906 100.000000
3.120000 1.200000 1.200000 0.142767 0.260000 0.597233 100.000000
3.130000 1.200000 1.200000 0.169201 0.130000 0.700799 100.000000
3.140000 1.200000 1.200000 0.169252 0.120000 0.710748 100.000000
3.150000 1.200000 1.200000 0.176758 0.140000 0.683242 100.000000
3.160000 1.200000 1.200000 0.169480 0.130000 0.700520 100.000000
3.170000 1.200000 1.200000 0.179854 0.100000 0.720146 100.000000
3.180000 1.200000 1.200000 0.197785 0.030000 0.772215 100.000000
3.190000 1.200000 1.200000 0.192662 0.080000 0.727338 100.000000
3.200000 1.200000 1.200000 0.185953 0.040000 0.774047 100.000000
3.210000 1.200000 1.200000 0.200140 0.050000 0.749860 100.000000
3.220000 1.200000 1.200000 0.194739 0.050000 0.755261 100.000000
3.230000 1.200000 1.200000 0.197367 0.050000 0.752633 100.000000
3.240000 1.200000 1.200000 0.203777 0.020000 0.776223 100.000000
3.250000 1.200000 1.200000 0.201041 0.000000 0.798959 100.000000
3.260000 1.200000 1.200000 0.208162 0.060000 0.731838 100.000000
3.270000 1.200000 1.200000 0.212142 0.010000 0.777858 100.000000
3.280000 1.200000 1.200000 0.211751 0.040000 0.748249 100.000000
3.290000 1.200000 1.200000 0.210952 0.000000 0.789048 100.000000
3.300000 1.200000 1.200000 0.210539 0.010000 0.779461 100.000000
3.310000 1.200000 1.200000 0.220516 0.020000 0.759484 100.000000
3.320000 1.200000 1.200000 0.218851 0.010000 0.771149 100.000000
3.330000 1.200000 1.200000 0.220525 0.010000 0.769475 100.000000
3.340000 1.200000 1.200000 0.224259 0.010000 0.765741 100.000000
3.350000 1.200000 1.200000 0.219370 0.020000 0.760630 100.000000
3.360000 1.200000 1.200000 0.220493 0.010000 0.769507 100.000000
3.370000 1.200000 1.200000 0.225885 0.010000 0.764115 100.000000
3.380000 1.200000 1.200000 0.229829 0.000000 0.770171 100.000000
3.390000 1.200000 1.200000 0.224378 0.000000 0.775622 100.000000
3.400000 1.200000 1.200000 0.228305 0.000000 0.771695 100.000000
3.410000 1.200000 1.200000 0.234989 0.000000 0.765011 100.000000
3.420000 1.200000 1.200000 0.236213 0.000000 0.763787 100.000000
3.430000 1.200000 1.200000 0.229762 0.000000 0.770238 100.000000
3.440000 1.200000 1.200000 0.227642 0.000000 0.772358 100.000000
3.450000 1.200000 1.200000 0.237823 0.000000 0.762177 100.000000
3.460000 1.200000 1.200000 0.251865 0.000000 0.748135 100.000000
3.470000 1.200000 1.200000 0.249682 0.000000 0.750318 100.000000
3.480000 1.200000 1.200000 0.239327 0.000000 0.760673 100.000000
3.490000 1.200000 1.200000 0.239668 0.010000 0.750332 100.000000
3.500000 1.200000 1.200000 0.250249 0.000000 0.749751 100.000000
3.510000 1.200000 1.200000 0.246202 0.000000 0.753798 100.000000
3.520000 1.200000 1.200000 0.241489 0.000000 0.758511 100.000000
3.530000 1.200000 1.200000 0.247998 0.000000 0.752002 100.000000
3.540000 1.200000 1.200000 0.239758 0.000000 0.760242 100.000000
3.550000 1.200000 1.200000 0.247384 0.000000 0.752616 100.000000
3.560000 1.200000 1.200000 0.250114 0.000000 0.749886 100.000000
3.570000 1.200000 1.200000 0.256700 0.000000 0.743300 100.000000
3.580000 1.200000 1.200000 0.248716 0.000000 0.751284 100.000000
3.590000 1.200000 1.200000 0.245405 0.000000 0.754595 100.000000
3.600000 1.200000 1.200000 0.266309 0.000000 0.733691 100.000000
3.610000 1.200000 1.200000 0.263144 0.000000 0.736856 100.000000
3.620000 1.200000 1.200000 0.251239 0.000000 0.748761 100.000000
3.630000 1.200000 1.200000 0.260757 0.000000 0.739243 100.000000
3.640000 1.200000 1.200000 0.268287 0.000000 0.731713 100.000000
3.650000 1.200000 1.200000 0.267397 0.000000 0.732603 100.000000
3.660000 1.200000 1.200000 0.259678 0.000000 0.740322 100.000000
3.670000 1.200000 1.200000 0.252462 0.000000 0.747538 100.000000
3.680000 1.200000 1.200000 0.264445 0.000000 0.735555 100.000000
3.690000 1.200000 1.200000 0.264391 0.000000 0.735609 100.000000
3.700000 1.200000 1.200000 0.258499 0.000000 0.741501 100.000000
3.710000 1.200000 1.200000 0.270597 0.000000 0.729403 100.000000
3.720000 1.200000 1.200000 0.262798 0.000000 0.737202 100.000000
3.730000 1.200000 1.200000 0.264856 0.000000 0.735144 100.000000
3.740000 1.200000 1.200000 0.269523 0.000000 0.730477 100.000000
3.750000 1.200000 1.200000 0.262768 0.000000 0.737232 100.000000
3.760000 1.200000 1.200000 0.263204 0.000000 0.736796 100.000000
3.770000 1.200000 1.200000 0.275469 0.000000 0.724531 100.000000
3.780000 1.200000 1.200000 0.271249 0.000000 0.728751 100.000000
3.790000 1.200000 1.200000 0.268991 0.000000 0.731009 100.000000
3.800000 1.200000 1.200000 0.280001 0.000000 0.719999 100.000000
3.810000 1.200000 1.200000 0.265662 0.000000 0.734338 100.000000
3.820000 1.200000 1.200000 0.272491 0.000000 0.727509 100.000000
3.830000 1.200000 1.200000 0.278001 0.000000 0.721999 100.000000
3.840000 1.200000 1.200000 0.271405 0.000000 0.728595 100.000000
3.850000 1.200000 1.200000 0.276477 0.000000 0.723523 100.000000
3.860000 1.200000 1.200000 0.269311 0.000000 0.730689 100.000000
3.870000 1.200000 1.200000 0.286975 0.000000 0.713025 100.000000
3.880000 1.200000 1.200000 0.277797 0.000000 0.722203 100.000000
3.890000 1.200000 1.200000 0.282549 0.000000 0.717451 100.000000
3.900000 1.200000 1.200000 0.278339 0.000000 0.721661 100.000000
3.910000 1.200000 1.200000 0.293157 0.000000 0.706843 100.000000
3.920000 1.200000 1.200000 0.287203 0.000000 0.712797 100.000000
3.930000 1.200000 1.200000 0.283536 0.000000 0.716464 100.000000
3.940000 1.200000 1.200000 0.288982 0.000000 0.711018 100.000000
3.950000 1.200000 1.200000 0.284045 0.000000 0.715955 100.000000
3.960000 1.200000 1.200000 0.292794 0.000000 0.707206 100.000000
3.970000 1.200000 1.200000 0.291497 0.000000 0.708503 100.000000
3.980000 1.200000 1.200000 0.294521 0.000000 0.705479 100.000000
3.990000 1.200000 1.200000 0.287623 0.000000 0.712377 100.000000
4.000000 1.200000 1.200000 0.304798 0.000000 0.695202 100.000000
4.010000 1.200000 1.200000 0.299626 0.000000 0.700374 100.000000
4.020000 1.200000 1.200000 0.300262 0.000000 0.699738 100.000000
4.030000 1.200000 1.200000 0.302692 0.000000 0.697308 100.000000
4.040000 1.200000 1.200000 0.301648 0.000000 0.698352 100.000000
4.050000 1.200000 1.200000 0.303088 0.000000 0.696912 100.000000
4.060000 1.200000 1.200000 0.303430 0.000000 0.696570 100.000000
4.070000 1.200000 1.200000 0.316800 0.000000 0.683200 100.000000
4.080000 1.200000 1.200000 0.313709 0.000000 0.686291 100.000000
4.090000 1.200000 1.200000 0.318829 0.000000 0.681171 100.000000
4.100000 1.200000 1.200000 0.309769 0.000000 0.690231 100.000000
4.110000 1.200000 1.200000 0.306631 0.000000 0.693369 100.000000
4.120000 1.200000 1.200000 0.310239 0.000000 0.689761 100.000000
4.130000 1.200000 1.200000 0.310173 0.000000 0.689827 100.000000
4.140000 1.200000 1.200000 0.316454 0.000000 0.683546 100.000000
4.150000 1.200000 1.200000 0.308944 0.000000 0.691056 100.000000
4.160000 1.200000 1.200000 0.314642 0.000000 0.685358 100.000000
4.170000 1.200000 1.200000 0.318797 0.000000 0.681203 100.000000
4.180000 1.200000 1.200000 0.321638 0.000000 0.678362 100.000000
4.190000 1.200000 1.200000 0.323524 0.000000 0.676476 100.000000
4.200000 1.200000 1.200000 0.323736 0.000000 0.676264 100.000000
4.210000 1.200000 1.200000 0.333691 0.000000 0.666309 100.000000
4.220000 1.200000 1.200000 0.325391 0.000000 0.674609 100.000000
4.230000 1.200000 1.200000 0.325306 0.000000 0.674694 100.000000
4.240000 1.200000 1.200000 0.336070 0.000000 0.663930 100.000000
4.250000 1.200000 1.200000 0.333366 0.000000 0.666634 100.000000
4.260000 1.200000 1.200000 0.330291 0.000000 0.669709 100.000000
4.270000 1.200000 1.200000 0.335814 0.000000 0.664186 100.000000
4.280000 1.200000 1.200000 0.335595 0.000000 0.664405 100.000000
4.290000 1.200000 1.200000 0.341973 0.000000 0.658027 100.000000
4.300000 1.200000 1.200000 0.331407 0.000000 0.668593 100.000000
4.310000 1.200000 1.200000 0.348204 0.000000 0.651796 100.000000
4.320000 1.200000 1.200000 0.342208 0.000000 0.657792 100.000000
4.330000 1.200000 1.200000 0.356311 0.000000 0.643689 100.000000
4.340000 1.200000 1.200000 0.348294 0.000000 0.651706 100.000000
4.350000 1.200000 1.200000 0.354183 0.000000 0.645817 100.000000
4.360000 1.200000 1.200000 0.356013 0.000000 0.643987 100.000000
4.370000 1.200000 1.200000 0.347587 0.000000 0.652413 100.000000
4.380000 1.200000 1.200000 0.347766 0.000000 0.652234 100.000000
4.390000 1.200000 1.200000 0.366176 0.000000 0.633824 100.000000
4.400000 1.200000 1.200000 0.367909 0.000000 0.632091 100.000000
4.410000 1.200000 1.200000 0.359031 0.000000 0.640969 100.000000
4.420000 1.200000 1.200000 0.362636 0.000000 0.637364 100.000000
4.430000 1.200000 1.200000 0.367436 0.000000 0.632564 100.000000
4.440000 1.200000 1.200000 0.365332 0.000000 0.634668 100.000000
4.450000 1.200000 1.200000 0.374421 0.000000 0.625579 100.000000
4.460000 1.200000 1.200000 0.376076 0.000000 0.623924 100.000000
4.470000 1.200000 1.200000 0.381928 0.000000 0.618072 100.000000
4.480000 1.200000 1.200000 0.388944 0.000000 0.611056 100.000000
4.490000 1.200000 1.200000 0.387486 0.000000 0.612514 100.000000
4.500000 1.200000 1.200000 0.386432 0.000000 0.613568 100.000000
4.510000 1.200000 1.200000 0.398892 0.000000 0.601108 100.000000
4.520000 1.200000 1.200000 0.383830 0.000000 0.616170 100.000000
4.530000 1.200000 1.200000 0.404010 0.000000 0.595990 100.000000
4.540000 1.200000 1.200000 0.399123 0.000000 0.600877 100.000000
4.550000 1.200000 1.200000 0.394824 0.000000 0.605176 100.000000
4.560000 1.200000 1.200000 0.403733 0.000000 0.596267 100.000000
4.570000 1.200000 1.200000 0.405576 0.000000 0.594424 100.000000
4.580000 1.200000 1.200000 0.419409 0.000000 0.580591 100.000000
4.590000 1.200000 1.200000 0.401046 0.000000 0.598954 100.000000
4.600000 1.200000 1.200000 0.420419 0.000000 0.579581 100.000000
4.610000 1.200000 1.200000 0.417030 0.000000 0.582970 100.000000
4.620000 1.200000 1.200000 0.413039 0.000000 0.586961 100.000000
4.630000 1.200000 1.200000 0.418210 0.000000 0.581790 100.000000
4.640000 1.200000 1.200000 0.435194 0.000000 0.564806 100.000000
4.650000 1.200000 1.200000 0.431597 0.000000 0.568403 100.000000
4.660000 1.200000 1.200000 0.433053 0.000000 0.566947 100.000000
4.670000 1.200000 1.200000 0.434313 0.000000 0.565687 100.000000
4.680000 1.200000 1.200000 0.449553 0.000000 0.550447 100.000000
4.690000 1.200000 1.200000 0.432664 0.000000 0.567336 100.000000
4.700000 1.200000 1.200000 0.445223 0.000000 0.554777 100.000000
4.710000 1.200000 1.200000 0.452997 0.000000 0.547003 100.000000
4.720000 1.200000 1.200000 0.459982 0.000000 0.540018 100.000000
4.730000 1.200000 1.200000 0.455410 0.000000 0.544590 100.000000
4.740000 1.200000 1.200000 0.459244 0.000000 0.540756 100.000000
4.750000 1.200000 1.200000 0.454611 0.000000 0.545389 100.000000
4.760000 1.200000 1.200000 0.469047 0.000000 0.530953 100.000000
4.770000 1.200000 1.200000 0.469852 0.000000 0.530148 100.000000
4.780000 1.200000 1.200000 0.479023 0.000000 0.520977 100.000000
4.790000 1.200000 1.200000 0.483763 0.000000 0.516237 100.000000
4.800000 1.200000 1.200000 0.482236 0.000000 0.517764 100.000000
4.810000 1.200000 1.200000 0.466315 0.000000 0.533685 100.000000
4.820000 1.200000 1.200000 0.480466 0.000000 0.519534 100.000000
4.830000 1.200000 1.200000 0.494951 0.000000 0.505049 100.000000
4.840000 1.200000 1.200000 0.500288 0.000000 0.499712 100.000000
4.850000 1.200000 1.200000 0.499534 0.000000 0.500466 100.000000
4.860000 1.200000 1.200000 0.495083 0.000000 0.504917 100.000000
4.870000 1.200000 1.200000 0.504855 0.000000 0.495145 100.000000
4.880000 1.200000 1.200000 0.510015 0.000000 0.489985 100.000000
4.890000 1.200000 1.200000 0.510621 0.000000 0.489379 100.000000
4.900000 1.200000 1.200000 0.518249 0.000000 0.481751 100.000000
4.910000 1.200000 1.200000 0.521143 0.000000 0.478857 100.000000
4.920000 1.200000 1.200000 0.535497 0.000000 0.464503 100.000000
4.930000 1.200000 1.200000 0.524525 0.000000 0.475475 100.000000
4.940000 1.200000 1.200000 0.532754 0.000000 0.467246 100.000000
4.950000 1.200000 1.200000 0.541501 0.000000 0.458499 100.000000
4.960000 1.200000 1.200000 0.543925 0.000000 0.456075 100.000000
4.970000 1.200000 1.200000 0.540172 0.000000 0.459828 100.000000
4.980000 1.200000 1.200000 0.550592 0.000000 0.449408 100.000000
4.990000 1.200000 1.200000 0.568170 0.000000 0.431830 100.000000
5.000000 1.200000 1.200000 0.560599 0.000000 0.439401 100.000000
5.010000 1.200000 1.200000 0.557709 0.000000 0.442291 100.000000
5.020000 1.200000 1.200000 0.566426 0.000000 0.433574 100.000000
5.030000 1.200000 1.200000 0.570909 0.000000 0.429091 100.000000
5.040000 1.200000 1.200000 0.569636 0.000000 0.430364 100.000000
5.050000 1.200000 1.200000 0.578278 0.000000 0.421722 100.000000
5.060000 1.200000 1.200000 0.573184 0.000000 0.426816 100.000000
5.070000 1.200000 1.200000 0.594766 0.000000 0.405234 100.000000
5.080000 1.200000 1.200000 0.579896 0.000000 0.420104 100.000000
5.090000 1.200000 1.200000 0.587489 0.000000 0.412511 100.000000
5.100000 1.200000 1.200000 0.589094 0.000000 0.410906 100.000000
5.110000 1.200000 1.200000 0.590459 0.000000 0.409541 100.000000
5.120000 1.200000 1.200000 0.604748 0.000000 0.395252 100.000000
5.130000 1.200000 1.200000 0.600275 0.000000 0.399725 100.000000
5.140000 1.200000 1.200000 0.608997 0.000000 0.391003 100.000000
5.150000 1.200000 1.200000 0.601276 0.000000 0.398724 100.000000
5.160000 1.200000 1.200000 0.623306 0.000000 0.376694 100.000000
5.170000 1.200000 1.200000 0.615786 0.000000 0.384214 100.000000
5.180000 1.200000 1.200000 0.609584 0.000000 0.390416 100.000000
5.190000 1.200000 1.200000 0.617801 0.000000 0.382199 100.000000
5.200000 1.200000 1.200000 0.630932 0.000000 0.369068 100.000000
5.210000 1.200000 1.200000 0.618581 0.000000 0.381419 100.000000
5.220000 1.200000 1.200000 0.632920 0.000000 0.367080 100.000000
5.230000 1.200000 1.200000 0.635439 0.000000 0.364561 100.000000
5.240000 1.200000 1.200000 0.630424 0.000000 0.369576 100.000000
5.250000 1.200000 1.200000 0.629957 0.000000 0.370043 100.000000
5.260000 1.200000 1.200000 0.639965 0.000000 0.360035 100.000000
5.270000 1.200000 1.200000 0.650345 0.000000 0.349655 100.000000
5.280000 1.200000 1.200000 0.643651 0.000000 0.356349 100.000000
5.290000 1.200000 1.200000 0.630061 0.000000 0.369939 100.000000
5.300000 1.200000 1.200000 0.636611 0.000000 0.363389 100.000000
5.310000 1.200000 1.200000 0.652239 0.000000 0.347761 100.000000
5.320000 1.200000 1.200000 0.647819 0.000000 0.352181 100.000000
5.330000 1.200000 1.200000 0.663052 0.000000 0.336948 100.000000
5.340000 1.200000 1.200000 0.666403 0.000000 0.333597 100.000000
5.350000 1.200000 1.200000 0.670046 0.000000 0.329954 100.000000
5.360000 1.200000 1.200000 0.672547 0.000000 0.327453 100.000000
5.370000 1.200000 1.200000 0.666844 0.000000 0.333156 100.000000
5.380000 1.200000 1.200000 0.661816 0.001029 0.337155 100.000000
5.390000 1.200000 1.200000 0.675921 0.000939 0.323140 100.000000
5.400000 1.200000 1.200000 0.666076 0.000000 0.333924 100.000000
5.410000 1.200000 1.200000 0.694897 0.000000 0.305103 100.000000
5.420000 1.200000 1.200000 0.679436 0.000864 0.319700 100.000000
5.430000 1.200000 1.200000 0.686408 0.000883 0.312709 100.000000
5.440000 1.200000 1.200000 0.694037 0.003199 0.302764 100.000000
5.450000 1.200000 1.200000 0.693375 0.001554 0.305071 100.000000
5.460000 1.200000 1.200000 0.690745 0.000000 0.309255 100.000000
5.470000 1.200000 1.200000 0.686010 0.000000 0.313990 100.000000
5.480000 1.200000 1.200000 0.719526 0.004657 0.275817 100.000000
5.490000 1.200000 1.200000 0.719502 0.004492 0.276006 100.000000
5.500000 1.200000 1.200000 0.720504 0.002479 0.277016 100.000000
