3.500000 0.000000 0.000000 0.543577 0.472772 0.456423 10.000000
3.500000 0.100000 0.000000 0.000000 0.000000 1.000000 9.000000
3.500000 0.200000 0.000000 0.000000 0.000000 1.000000 9.000000
3.500000 0.300000 0.000000 0.000000 0.000000 1.000000 9.000000
3.500000 0.400000 0.000000 0.000000 0.000000 1.000000 9.000000
3.500000 0.500000 0.000000 0.000000 0.000000 1.000000 10.000000
3.500000 0.600000 0.000000 0.000000 0.000000 1.000000 8.000000
3.500000 0.700000 0.000000 0.000000 0.000000 1.000000 9.000000
3.500000 0.800000 0.000000 0.000000 0.000000 1.000000 9.000000
3.500000 0.900000 0.000000 0.000000 0.000000 1.000000 9.000000
3.500000 1.000000 0.000000 0.000000 0.000000 1.000000 8.000000
3.500000 1.100000 0.000000 0.000000 0.000000 1.000000 9.000000
3.500000 1.200000 0.000000 0.000000 0.000000 1.000000 9.000000
3.500000 1.300000 0.000000 0.000000 0.000000 1.000000 9.000000
3.500000 1.400000 0.000000 0.000000 0.000000 1.000000 8.000000
3.500000 1.500000 0.000000 0.000000 0.000000 1.000000 8.000000
3.500000 1.600000 0.000000 0.000000 0.000000 1.000000 9.000000
3.500000 1.700000 0.000000 0.000000 0.000000 1.000000 9.000000
3.500000 1.800000 0.000000 0.000000 0.000000 1.000000 9.000000
3.500000 1.900000 0.000000 0.000000 0.000000 1.000000 8.000000
3.500000 2.000000 0.000000 0.000000 0.000000 1.000000 8.000000
3.500000 2.100000 0.000000 0.000000 0.000000 1.000000 8.000000
3.500000 2.200000 0.000000 0.000000 0.000000 1.000000 9.000000
3.500000 2.300000 0.000000 0.000000 0.000000 1.000000 9.000000
3.500000 2.400000 0.000000 0.000000 0.000000 1.000000 10.000000
3.500000 2.500000 0.000000 0.000000 0.000000 1.000000 8.000000
3.500000 2.600000 0.000000 0.000000 0.000000 1.000000 8.000000
3.500000 2.700000 0.000000 0.000000 0.000000 1.000000 9.000000
3.500000 2.800000 0.000000 0.000000 0.000000 1.000000 9.000000
3.500000 2.900000 0.000000 0.000000 0.000000 1.000000 9.000000
3.500000 3.000000 0.000000 0.000000 0.000000 1.000000 8.000000
3.500000 3.100000 0.000000 0.000000 0.000000 1.000000 8.000000
3.500000 3.200000 0.000000 0.000000 0.000000 1.000000 8.000000
3.500000 3.300000 0.000000 0.000000 0.000000 1.000000 8.000000
3.500000 3.400000 0.000000 0.000000 0.000000 1.000000 8.000000
3.500000 3.500000 0.000000 0.000000 0.000000 1.000000 9.000000
3.500000 3.600000 0.000000 0.000000 0.000000 1.000000 9.000000
3.500000 3.700000 0.000000 0.000000 0.000000 1.000000 9.000000
3.500000 3.800000 0.000000 0.000000 0.000000 1.000000 9.000000
3.500000 3.900000 0.000000 0.000000 0.000000 1.000000 8.000000
3.500000 4.000000 0.000000 0.000000 0.000000 1.000000 8.000000
3.500000 4.100000 0.000000 0.000000 0.000000 1.000000 8.000000
3.500000 4.200000 0.000000 0.000000 0.000000 1.000000 9.000000
3.500000 4.300000 0.000000 0.000000 0.000000 1.000000 9.000000
3.500000 4.400000 0.000000 0.000000 0.000000 1.000000 9.000000
3.500000 4.500000 0.000000 0.000000 0.000000 1.000000 10.000000
3.500000 4.600000 0.000000 0.000000 0.000000 1.000000 8.000000
3.500000 4.700000 0.000000 0.000000 0.000000 1.000000 8.000000
3.500000 4.800000 0.000000 0.000000 0.000000 1.000000 8.000000
3.500000 4.900000 0.000000 0.000000 0.000000 1.000000 9.000000
3.500000 5.000000 0.000000 0.000000 0.000000 1.000000 9.000000
3.600000 0.000000 0.000000 0.833525 0.312610 0.166475 9.000000
3.600000 0.100000 0.000000 0.000000 0.000000 1.000000 10.000000
3.600000 0.200000 0.000000 0.000000 0.000000 1.000000 10.000000
3.600000 0.300000 0.000000 0.000000 0.000000 1.000000 10.000000
3.600000 0.400000 0.000000 0.000000 0.000000 1.000000 10.000000
3.600000 0.500000 0.000000 0.000000 0.000000 1.000000 10.000000
3.600000 0.600000 0.000000 0.000000 0.000000 1.000000 10.000000
3.600000 0.700000 0.000000 0.000000 0.000000 1.000000 10.000000
3.600000 0.800000 0.000000 0.000000 0.000000 1.000000 10.000000
3.600000 0.900000 0.000000 0.000000 0.000000 1.000000 10.000000
3.600000 1.000000 0.000000 0.000000 0.000000 1.000000 10.000000
3.600000 1.100000 0.000000 0.000000 0.000000 1.000000 10.000000
3.600000 1.200000 0.000000 0.000000 0.000000 1.000000 10.000000
3.600000 1.300000 0.000000 0.000000 0.000000 1.000000 10.000000
3.600000 1.400000 0.000000 0.000000 0.000000 1.000000 10.000000
3.600000 1.500000 0.000000 0.000000 0.000000 1.000000 10.000000
3.600000 1.600000 0.000000 0.000000 0.000000 1.000000 10.000000
3.600000 1.700000 0.000000 0.000000 0.000000 1.000000 10.000000
3.600000 1.800000 0.000000 0.000000 0.000000 1.000000 10.000000
3.600000 1.900000 0.000000 0.000000 0.000000 1.000000 10.000000
3.600000 2.000000 0.000000 0.000000 0.000000 1.000000 10.000000
3.600000 2.100000 0.000000 0.000000 0.000000 1.000000 10.000000
3.600000 2.200000 0.000000 0.000000 0.000000 1.000000 10.000000
3.600000 2.300000 0.000000 0.000000 0.000000 1.000000 10.000000
3.600000 2.400000 0.000000 0.000000 0.000000 1.000000 10.000000
3.600000 2.500000 0.000000 0.000000 0.000000 1.000000 10.000000
3.600000 2.600000 0.000000 0.000000 0.000000 1.000000 10.000000
3.600000 2.700000 0.000000 0.000000 0.000000 1.000000 10.000000
3.600000 2.800000 0.000000 0.000000 0.000000 1.000000 10.000000
3.600000 2.900000 0.000000 0.000000 0.000000 1.000000 10.000000
3.600000 3.000000 0.000000 0.000000 0.000000 1.000000 10.000000
3.600000 3.100000 0.000000 0.000000 0.000000 1.000000 10.000000
3.600000 3.200000 0.000000 0.000000 0.000000 1.000000 10.000000
3.600000 3.300000 0.000000 0.000000 0.000000 1.000000 10.000000
3.600000 3.400000 0.000000 0.000000 0.000000 1.000000 10.000000
3.600000 3.500000 0.000000 0.000000 0.000000 1.000000 10.000000
3.600000 3.600000 0.000000 0.000000 0.000000 1.000000 10.000000
3.600000 3.700000 0.000000 0.000000 0.000000 1.000000 10.000000
3.600000 3.800000 0.000000 0.000000 0.000000 1.000000 10.000000
3.600000 3.900000 0.000000 0.000000 0.000000 1.000000 10.000000
3.600000 4.000000 0.000000 0.000000 0.000000 1.000000 10.000000
3.600000 4.100000 0.000000 0.000000 0.000000 1.000000 10.000000
3.600000 4.200000 0.000000 0.000000 0.000000 1.000000 10.000000
3.600000 4.300000 0.000000 0.000000 0.000000 1.000000 10.000000
3.600000 4.400000 0.000000 0.000000 0.000000 1.000000 10.000000
3.600000 4.500000 0.000000 0.000000 0.000000 1.000000 10.000000
3.600000 4.600000 0.000000 0.000000 0.000000 1.000000 10.000000
3.600000 4.700000 0.000000 0.000000 0.000000 1.000000 10.000000
3.600000 4.800000 0.000000 0.000000 0.000000 1.000000 10.000000
3.600000 4.900000 0.000000 0.000000 0.000000 1.000000 10.000000
3.600000 5.000000 0.000000 0.000000 0.000000 1.000000 10.000000
3.700000 0.000000 0.000000 0.378260 0.466599 0.621740 10.000000
3.700000 0.100000 0.000000 0.000000 0.000000 1.000000 10.000000
3.700000 0.200000 0.000000 0.000000 0.000000 1.000000 10.000000
3.700000 0.300000 0.000000 0.000000 0.000000 1.000000 10.000000
3.700000 0.400000 0.000000 0.000000 0.000000 1.000000 10.000000
3.700000 0.500000 0.000000 0.000000 0.000000 1.000000 10.000000
3.700000 0.600000 0.000000 0.000000 0.000000 1.000000 10.000000
3.700000 0.700000 0.000000 0.000000 0.000000 1.000000 10.000000
3.700000 0.800000 0.000000 0.000000 0.000000 1.000000 9.000000
3.700000 0.900000 0.000000 0.000000 0.000000 1.000000 10.000000
3.700000 1.000000 0.000000 0.000000 0.000000 1.000000 10.000000
3.700000 1.100000 0.000000 0.000000 0.000000 1.000000 10.000000
3.700000 1.200000 0.000000 0.000000 0.000000 1.000000 10.000000
3.700000 1.300000 0.000000 0.000000 0.000000 1.000000 9.000000
3.700000 1.400000 0.000000 0.000000 0.000000 1.000000 9.000000
3.700000 1.500000 0.000000 0.000000 0.000000 1.000000 9.000000
3.700000 1.600000 0.000000 0.000000 0.000000 1.000000 9.000000
3.700000 1.700000 0.000000 0.000000 0.000000 1.000000 9.000000
3.700000 1.800000 0.000000 0.000000 0.000000 1.000000 10.000000
3.700000 1.900000 0.000000 0.000000 0.000000 1.000000 10.000000
3.700000 2.000000 0.000000 0.000000 0.000000 1.000000 10.000000
3.700000 2.100000 0.000000 0.000000 0.000000 1.000000 10.000000
3.700000 2.200000 0.000000 0.000000 0.000000 1.000000 10.000000
3.700000 2.300000 0.000000 0.000000 0.000000 1.000000 9.000000
3.700000 2.400000 0.000000 0.000000 0.000000 1.000000 9.000000
3.700000 2.500000 0.000000 0.000000 0.000000 1.000000 10.000000
3.700000 2.600000 0.000000 0.000000 0.000000 1.000000 10.000000
3.700000 2.700000 0.000000 0.000000 0.000000 1.000000 10.000000
3.700000 2.800000 0.000000 0.000000 0.000000 1.000000 10.000000
3.700000 2.900000 0.000000 0.000000 0.000000 1.000000 9.000000
3.700000 3.000000 0.000000 0.000000 0.000000 1.000000 10.000000
3.700000 3.100000 0.000000 0.000000 0.000000 1.000000 10.000000
3.700000 3.200000 0.000000 0.000000 0.000000 1.000000 10.000000
3.700000 3.300000 0.000000 0.000000 0.000000 1.000000 10.000000
3.700000 3.400000 0.000000 0.000000 0.000000 1.000000 10.000000
3.700000 3.500000 0.000000 0.000000 0.000000 1.000000 9.000000
3.700000 3.600000 0.000000 0.000000 0.000000 1.000000 10.000000
3.700000 3.700000 0.000000 0.000000 0.000000 1.000000 10.000000
3.700000 3.800000 0.000000 0.000000 0.000000 1.000000 10.000000
3.700000 3.900000 0.000000 0.000000 0.000000 1.000000 10.000000
3.700000 4.000000 0.000000 0.000000 0.000000 1.000000 10.000000
3.700000 4.100000 0.000000 0.000000 0.000000 1.000000 9.000000
3.700000 4.200000 0.000000 0.000000 0.000000 1.000000 10.000000
3.700000 4.300000 0.000000 0.000000 0.000000 1.000000 10.000000
3.700000 4.400000 0.000000 0.000000 0.000000 1.000000 10.000000
3.700000 4.500000 0.000000 0.000000 0.000000 1.000000 10.000000
3.700000 4.600000 0.000000 0.000000 0.000000 1.000000 9.000000
3.700000 4.700000 0.000000 0.000000 0.000000 1.000000 9.000000
3.700000 4.800000 0.000000 0.000000 0.000000 1.000000 10.000000
3.700000 4.900000 0.000000 0.000000 0.000000 1.000000 10.000000
3.700000 5.000000 0.000000 0.000000 0.000000 1.000000 10.000000
3.800000 0.000000 0.000000 0.500000 0.500000 0.500000 10.000000
3.800000 0.100000 0.000000 0.000000 0.000000 1.000000 10.000000
3.800000 0.200000 0.000000 0.000000 0.000000 1.000000 10.000000
3.800000 0.300000 0.000000 0.000000 0.000000 1.000000 10.000000
3.800000 0.400000 0.000000 0.000000 0.000000 1.000000 10.000000
3.800000 0.500000 0.000000 0.000000 0.000000 1.000000 10.000000
3.800000 0.600000 0.000000 0.000000 0.000000 1.000000 10.000000
3.800000 0.700000 0.000000 0.000000 0.000000 1.000000 10.000000
3.800000 0.800000 0.000000 0.000000 0.000000 1.000000 10.000000
3.800000 0.900000 0.000000 0.000000 0.000000 1.000000 10.000000
3.800000 1.000000 0.000000 0.000000 0.000000 1.000000 10.000000
3.800000 1.100000 0.000000 0.000000 0.000000 1.000000 10.000000
3.800000 1.200000 0.000000 0.000000 0.000000 1.000000 10.000000
3.800000 1.300000 0.000000 0.000000 0.000000 1.000000 10.000000
3.800000 1.400000 0.000000 0.000000 0.000000 1.000000 10.000000
3.800000 1.500000 0.000000 0.000000 0.000000 1.000000 10.000000
3.800000 1.600000 0.000000 0.000000 0.000000 1.000000 10.000000
3.800000 1.700000 0.000000 0.000000 0.000000 1.000000 10.000000
3.800000 1.800000 0.000000 0.000000 0.000000 1.000000 10.000000
3.800000 1.900000 0.000000 0.000000 0.000000 1.000000 10.000000
3.800000 2.000000 0.000000 0.000000 0.000000 1.000000 10.000000
3.800000 2.100000 0.000000 0.000000 0.000000 1.000000 10.000000
3.800000 2.200000 0.000000 0.000000 0.000000 1.000000 10.000000
3.800000 2.300000 0.000000 0.000000 0.000000 1.000000 10.000000
3.800000 2.400000 0.000000 0.000000 0.000000 1.000000 10.000000
3.800000 2.500000 0.000000 0.000000 0.000000 1.000000 10.000000
3.800000 2.600000 0.000000 0.000000 0.000000 1.000000 10.000000
3.800000 2.700000 0.000000 0.000000 0.000000 1.000000 10.000000
3.800000 2.800000 0.000000 0.000000 0.000000 1.000000 10.000000
3.800000 2.900000 0.000000 0.000000 0.000000 1.000000 10.000000
3.800000 3.000000 0.000000 0.000000 0.000000 1.000000 10.000000
3.800000 3.100000 0.000000 0.000000 0.000000 1.000000 10.000000
3.800000 3.200000 0.000000 0.000000 0.000000 1.000000 10.000000
3.800000 3.300000 0.000000 0.000000 0.000000 1.000000 10.000000
3.800000 3.400000 0.000000 0.000000 0.000000 1.000000 10.000000
3.800000 3.500000 0.000000 0.000000 0.000000 1.000000 10.000000
3.800000 3.600000 0.000000 0.000000 0.000000 1.000000 10.000000
3.800000 3.700000 0.000000 0.000000 0.000000 1.000000 10.000000
3.800000 3.800000 0.000000 0.000000 0.000000 1.000000 10.000000
3.800000 3.900000 0.000000 0.000000 0.000000 1.000000 10.000000
3.800000 4.000000 0.000000 0.000000 0.000000 1.000000 10.000000
3.800000 4.100000 0.000000 0.000000 0.000000 1.000000 10.000000
3.800000 4.200000 0.000000 0.000000 0.000000 1.000000 10.000000
3.800000 4.300000 0.000000 0.000000 0.000000 1.000000 10.000000
3.800000 4.400000 0.000000 0.000000 0.000000 1.000000 10.000000
3.800000 4.500000 0.000000 0.000000 0.000000 1.000000 10.000000
3.800000 4.600000 0.000000 0.000000 0.000000 1.000000 10.000000
3.800000 4.700000 0.000000 0.000000 0.000000 1.000000 10.000000
3.800000 4.800000 0.000000 0.000000 0.000000 1.000000 10.000000
3.800000 4.900000 0.000000 0.000000 0.000000 1.000000 10.000000
3.800000 5.000000 0.000000 0.000000 0.000000 1.000000 10.000000
3.900000 0.000000 0.000000 0.530767 0.454133 0.469233 10.000000
3.900000 0.100000 0.000000 0.000000 0.000000 1.000000 10.000000
3.900000 0.200000 0.000000 0.000000 0.000000 1.000000 10.000000
3.900000 0.300000 0.000000 0.000000 0.000000 1.000000 10.000000
3.900000 0.400000 0.000000 0.000000 0.000000 1.000000 10.000000
3.900000 0.500000 0.000000 0.000000 0.000000 1.000000 10.000000
3.900000 0.600000 0.000000 0.000000 0.000000 1.000000 10.000000
3.900000 0.700000 0.000000 0.000000 0.000000 1.000000 10.000000
3.900000 0.800000 0.000000 0.000000 0.000000 1.000000 10.000000
3.900000 0.900000 0.000000 0.000000 0.000000 1.000000 10.000000
3.900000 1.000000 0.000000 0.000000 0.000000 1.000000 10.000000
3.900000 1.100000 0.000000 0.000000 0.000000 1.000000 10.000000
3.900000 1.200000 0.000000 0.000000 0.000000 1.000000 10.000000
3.900000 1.300000 0.000000 0.000000 0.000000 1.000000 10.000000
3.900000 1.400000 0.000000 0.000000 0.000000 1.000000 10.000000
3.900000 1.500000 0.000000 0.000000 0.000000 1.000000 10.000000
3.900000 1.600000 0.000000 0.000000 0.000000 1.000000 10.000000
3.900000 1.700000 0.000000 0.000000 0.000000 1.000000 10.000000
3.900000 1.800000 0.000000 0.000000 0.000000 1.000000 10.000000
3.900000 1.900000 0.000000 0.000000 0.000000 1.000000 10.000000
3.900000 2.000000 0.000000 0.000000 0.000000 1.000000 10.000000
3.900000 2.100000 0.000000 0.000000 0.000000 1.000000 10.000000
3.900000 2.200000 0.000000 0.000000 0.000000 1.000000 10.000000
3.900000 2.300000 0.000000 0.000000 0.000000 1.000000 10.000000
3.900000 2.400000 0.000000 0.000000 0.000000 1.000000 10.000000
3.900000 2.500000 0.000000 0.000000 0.000000 1.000000 10.000000
3.900000 2.600000 0.000000 0.000000 0.000000 1.000000 10.000000
3.900000 2.700000 0.000000 0.000000 0.000000 1.000000 10.000000
3.900000 2.800000 0.000000 0.000000 0.000000 1.000000 10.000000
3.900000 2.900000 0.000000 0.000000 0.000000 1.000000 10.000000
3.900000 3.000000 0.000000 0.000000 0.000000 1.000000 10.000000
3.900000 3.100000 0.000000 0.000000 0.000000 1.000000 10.000000
3.900000 3.200000 0.000000 0.000000 0.000000 1.000000 10.000000
3.900000 3.300000 0.000000 0.000000 0.000000 1.000000 10.000000
3.900000 3.400000 0.000000 0.000000 0.000000 1.000000 10.000000
3.900000 3.500000 0.000000 0.000000 0.000000 1.000000 10.000000
3.900000 3.600000 0.000000 0.000000 0.000000 1.000000 10.000000
3.900000 3.700000 0.000000 0.000000 0.000000 1.000000 10.000000
3.900000 3.800000 0.000000 0.000000 0.000000 1.000000 10.000000
3.900000 3.900000 0.000000 0.000000 0.000000 1.000000 10.000000
3.900000 4.000000 0.000000 0.000000 0.000000 1.000000 10.000000
3.900000 4.100000 0.000000 0.000000 0.000000 1.000000 10.000000
3.900000 4.200000 0.000000 0.000000 0.000000 1.000000 10.000000
3.900000 4.300000 0.000000 0.000000 0.000000 1.000000 10.000000
3.900000 4.400000 0.000000 0.000000 0.000000 1.000000 10.000000
3.900000 4.500000 0.000000 0.000000 0.000000 1.000000 10.000000
3.900000 4.600000 0.000000 0.000000 0.000000 1.000000 10.000000
3.900000 4.700000 0.000000 0.000000 0.000000 1.000000 10.000000
3.900000 4.800000 0.000000 0.000000 0.000000 1.000000 10.000000
3.900000 4.900000 0.000000 0.000000 0.000000 1.000000 10.000000
3.900000 5.000000 0.000000 0.000000 0.000000 1.000000 10.000000
4.000000 0.000000 0.000000 0.400000 0.489898 0.600000 10.000000
4.000000 0.100000 0.000000 0.000000 0.000000 1.000000 10.000000
4.000000 0.200000 0.000000 0.000000 0.000000 1.000000 10.000000
4.000000 0.300000 0.000000 0.000000 0.000000 1.000000 10.000000
4.000000 0.400000 0.000000 0.000000 0.000000 1.000000 10.000000
4.000000 0.500000 0.000000 0.000000 0.000000 1.000000 10.000000
4.000000 0.600000 0.000000 0.000000 0.000000 1.000000 10.000000
4.000000 0.700000 0.000000 0.000000 0.000000 1.000000 10.000000
4.000000 0.800000 0.000000 0.000000 0.000000 1.000000 10.000000
4.000000 0.900000 0.000000 0.000000 0.000000 1.000000 10.000000
4.000000 1.000000 0.000000 0.000000 0.000000 1.000000 10.000000
4.000000 1.100000 0.000000 0.000000 0.000000 1.000000 10.000000
4.000000 1.200000 0.000000 0.000000 0.000000 1.000000 10.000000
4.000000 1.300000 0.000000 0.000000 0.000000 1.000000 10.000000
4.000000 1.400000 0.000000 0.000000 0.000000 1.000000 10.000000
4.000000 1.500000 0.000000 0.000000 0.000000 1.000000 10.000000
4.000000 1.600000 0.000000 0.000000 0.000000 1.000000 10.000000
4.000000 1.700000 0.000000 0.000000 0.000000 1.000000 10.000000
4.000000 1.800000 0.000000 0.000000 0.000000 1.000000 10.000000
4.000000 1.900000 0.000000 0.000000 0.000000 1.000000 10.000000
4.000000 2.000000 0.000000 0.000000 0.000000 1.000000 10.000000
4.000000 2.100000 0.000000 0.000000 0.000000 1.000000 10.000000
4.000000 2.200000 0.000000 0.000000 0.000000 1.000000 10.000000
4.000000 2.300000 0.000000 0.000000 0.000000 1.000000 10.000000
4.000000 2.400000 0.000000 0.000000 0.000000 1.000000 10.000000
4.000000 2.500000 0.000000 0.000000 0.000000 1.000000 10.000000
4.000000 2.600000 0.000000 0.000000 0.000000 1.000000 10.000000
4.000000 2.700000 0.000000 0.000000 0.000000 1.000000 10.000000
4.000000 2.800000 0.000000 0.000000 0.000000 1.000000 10.000000
4.000000 2.900000 0.000000 0.000000 0.000000 1.000000 10.000000
4.000000 3.000000 0.000000 0.000000 0.000000 1.000000 10.000000
4.000000 3.100000 0.000000 0.000000 0.000000 1.000000 10.000000
4.000000 3.200000 0.000000 0.000000 0.000000 1.000000 10.000000
4.000000 3.300000 0.000000 0.000000 0.000000 1.000000 10.000000
4.000000 3.400000 0.000000 0.000000 0.000000 1.000000 10.000000
4.000000 3.500000 0.000000 0.000000 0.000000 1.000000 10.000000
4.000000 3.600000 0.000000 0.000000 0.000000 1.000000 10.000000
4.000000 3.700000 0.000000 0.000000 0.000000 1.000000 10.000000
4.000000 3.800000 0.000000 0.000000 0.000000 1.000000 10.000000
4.000000 3.900000 0.000000 0.000000 0.000000 1.000000 10.000000
4.000000 4.000000 0.000000 0.000000 0.000000 1.000000 10.000000
4.000000 4.100000 0.000000 0.000000 0.000000 1.000000 10.000000
4.000000 4.200000 0.000000 0.000000 0.000000 1.000000 10.000000
4.000000 4.300000 0.000000 0.000000 0.000000 1.000000 10.000000
4.000000 4.400000 0.000000 0.000000 0.000000 1.000000 10.000000
4.000000 4.500000 0.000000 0.000000 0.000000 1.000000 10.000000
4.000000 4.600000 0.000000 0.000000 0.000000 1.000000 10.000000
4.000000 4.700000 0.000000 0.000000 0.000000 1.000000 10.000000
4.000000 4.800000 0.000000 0.000000 0.000000 1.000000 10.000000
4.000000 4.900000 0.000000 0.000000 0.000000 1.000000 10.000000
4.000000 5.000000 0.000000 0.000000 0.000000 1.000000 10.000000
4.100000 0.000000 0.000000 0.572605 0.430809 0.427395 10.000000
4.100000 0.100000 0.000000 0.000000 0.000000 1.000000 10.000000
4.100000 0.200000 0.000000 0.000000 0.000000 1.000000 10.000000
4.100000 0.300000 0.000000 0.000000 0.000000 1.000000 10.000000
4.100000 0.400000 0.000000 0.000000 0.000000 1.000000 10.000000
4.100000 0.500000 0.000000 0.000000 0.000000 1.000000 10.000000
4.100000 0.600000 0.000000 0.000000 0.000000 1.000000 10.000000
4.100000 0.700000 0.000000 0.000000 0.000000 1.000000 10.000000
4.100000 0.800000 0.000000 0.000000 0.000000 1.000000 10.000000
4.100000 0.900000 0.000000 0.000000 0.000000 1.000000 10.000000
4.100000 1.000000 0.000000 0.000000 0.000000 1.000000 10.000000
4.100000 1.100000 0.000000 0.000000 0.000000 1.000000 10.000000
4.100000 1.200000 0.000000 0.000000 0.000000 1.000000 10.000000
4.100000 1.300000 0.000000 0.000000 0.000000 1.000000 10.000000
4.100000 1.400000 0.000000 0.000000 0.000000 1.000000 10.000000
4.100000 1.500000 0.000000 0.000000 0.000000 1.000000 10.000000
4.100000 1.600000 0.000000 0.000000 0.000000 1.000000 10.000000
4.100000 1.700000 0.000000 0.000000 0.000000 1.000000 10.000000
4.100000 1.800000 0.000000 0.000000 0.000000 1.000000 10.000000
4.100000 1.900000 0.000000 0.000000 0.000000 1.000000 10.000000
4.100000 2.000000 0.000000 0.000000 0.000000 1.000000 10.000000
4.100000 2.100000 0.000000 0.000000 0.000000 1.000000 10.000000
4.100000 2.200000 0.000000 0.000000 0.000000 1.000000 10.000000
4.100000 2.300000 0.000000 0.000000 0.000000 1.000000 10.000000
4.100000 2.400000 0.000000 0.000000 0.000000 1.000000 10.000000
4.100000 2.500000 0.000000 0.000000 0.000000 1.000000 10.000000
4.100000 2.600000 0.000000 0.000000 0.000000 1.000000 10.000000
4.100000 2.700000 0.000000 0.000000 0.000000 1.000000 10.000000
4.100000 2.800000 0.000000 0.000000 0.000000 1.000000 10.000000
4.100000 2.900000 0.000000 0.000000 0.000000 1.000000 10.000000
4.100000 3.000000 0.000000 0.000000 0.000000 1.000000 10.000000
4.100000 3.100000 0.000000 0.000000 0.000000 1.000000 10.000000
4.100000 3.200000 0.000000 0.000000 0.000000 1.000000 10.000000
4.100000 3.300000 0.000000 0.000000 0.000000 1.000000 10.000000
4.100000 3.400000 0.000000 0.000000 0.000000 1.000000 10.000000
4.100000 3.500000 0.000000 0.000000 0.000000 1.000000 10.000000
4.100000 3.600000 0.000000 0.000000 0.000000 1.000000 10.000000
4.100000 3.700000 0.000000 0.000000 0.000000 1.000000 10.000000
4.100000 3.800000 0.000000 0.000000 0.000000 1.000000 10.000000
4.100000 3.900000 0.000000 0.000000 0.000000 1.000000 10.000000
4.100000 4.000000 0.000000 0.000000 0.000000 1.000000 10.000000
4.100000 4.100000 0.000000 0.000000 0.000000 1.000000 10.000000
4.100000 4.200000 0.000000 0.000000 0.000000 1.000000 10.000000
4.100000 4.300000 0.000000 0.000000 0.000000 1.000000 10.000000
4.100000 4.400000 0.000000 0.000000 0.000000 1.000000 10.000000
4.100000 4.500000 0.000000 0.000000 0.000000 1.000000 10.000000
4.100000 4.600000 0.000000 0.000000 0.000000 1.000000 10.000000
4.100000 4.700000 0.000000 0.000000 0.000000 1.000000 10.000000
4.100000 4.800000 0.000000 0.000000 0.000000 1.000000 10.000000
4.100000 4.900000 0.000000 0.000000 0.000000 1.000000 10.000000
4.100000 5.000000 0.000000 0.000000 0.000000 1.000000 10.000000
4.200000 0.000000 0.000000 0.579767 0.476968 0.420233 10.000000
4.200000 0.100000 0.000000 0.000000 0.000000 1.000000 10.000000
4.200000 0.200000 0.000000 0.000000 0.000000 1.000000 10.000000
4.200000 0.300000 0.000000 0.000000 0.000000 1.000000 10.000000
4.200000 0.400000 0.000000 0.000000 0.000000 1.000000 10.000000
4.200000 0.500000 0.000000 0.000000 0.000000 1.000000 10.000000
4.200000 0.600000 0.000000 0.000000 0.000000 1.000000 10.000000
4.200000 0.700000 0.000000 0.000000 0.000000 1.000000 10.000000
4.200000 0.800000 0.000000 0.000000 0.000000 1.000000 10.000000
4.200000 0.900000 0.000000 0.000000 0.000000 1.000000 10.000000
4.200000 1.000000 0.000000 0.000000 0.000000 1.000000 10.000000
4.200000 1.100000 0.000000 0.000000 0.000000 1.000000 10.000000
4.200000 1.200000 0.000000 0.000000 0.000000 1.000000 10.000000
4.200000 1.300000 0.000000 0.000000 0.000000 1.000000 10.000000
4.200000 1.400000 0.000000 0.000000 0.000000 1.000000 10.000000
4.200000 1.500000 0.000000 0.000000 0.000000 1.000000 10.000000
4.200000 1.600000 0.000000 0.000000 0.000000 1.000000 10.000000
4.200000 1.700000 0.000000 0.000000 0.000000 1.000000 9.000000
4.200000 1.800000 0.000000 0.000000 0.000000 1.000000 9.000000
4.200000 1.900000 0.000000 0.000000 0.000000 1.000000 10.000000
4.200000 2.000000 0.000000 0.000000 0.000000 1.000000 10.000000
4.200000 2.100000 0.000000 0.000000 0.000000 1.000000 10.000000
4.200000 2.200000 0.000000 0.000000 0.000000 1.000000 9.000000
4.200000 2.300000 0.000000 0.000000 0.000000 1.000000 10.000000
4.200000 2.400000 0.000000 0.000000 0.000000 1.000000 10.000000
4.200000 2.500000 0.000000 0.000000 0.000000 1.000000 10.000000
4.200000 2.600000 0.000000 0.000000 0.000000 1.000000 10.000000
4.200000 2.700000 0.000000 0.000000 0.000000 1.000000 9.000000
4.200000 2.800000 0.000000 0.000000 0.000000 1.000000 9.000000
4.200000 2.900000 0.000000 0.000000 0.000000 1.000000 9.000000
4.200000 3.000000 0.000000 0.000000 0.000000 1.000000 9.000000
4.200000 3.100000 0.000000 0.000000 0.000000 1.000000 10.000000
4.200000 3.200000 0.000000 0.000000 0.000000 1.000000 10.000000
4.200000 3.300000 0.000000 0.000000 0.000000 1.000000 10.000000
4.200000 3.400000 0.000000 0.000000 0.000000 1.000000 9.000000
4.200000 3.500000 0.000000 0.000000 0.000000 1.000000 9.000000
4.200000 3.600000 0.000000 0.000000 0.000000 1.000000 9.000000
4.200000 3.700000 0.000000 0.000000 0.000000 1.000000 9.000000
4.200000 3.800000 0.000000 0.000000 0.000000 1.000000 9.000000
4.200000 3.900000 0.000000 0.000000 0.000000 1.000000 9.000000
4.200000 4.000000 0.000000 0.000000 0.000000 1.000000 10.000000
4.200000 4.100000 0.000000 0.000000 0.000000 1.000000 9.000000
4.200000 4.200000 0.000000 0.000000 0.000000 1.000000 9.000000
4.200000 4.300000 0.000000 0.000000 0.000000 1.000000 9.000000
4.200000 4.400000 0.000000 0.000000 0.000000 1.000000 9.000000
4.200000 4.500000 0.000000 0.000000 0.000000 1.000000 10.000000
4.200000 4.600000 0.000000 0.000000 0.000000 1.000000 9.000000
4.200000 4.700000 0.000000 0.000000 0.000000 1.000000 9.000000
4.200000 4.800000 0.000000 0.000000 0.000000 1.000000 9.000000
4.200000 4.900000 0.000000 0.000000 0.000000 1.000000 9.000000
4.200000 5.000000 0.000000 0.000000 0.000000 1.000000 9.000000
4.300000 0.000000 0.000000 0.371178 0.461400 0.628822 10.000000
4.300000 0.100000 0.000000 0.000000 0.000000 1.000000 10.000000
4.300000 0.200000 0.000000 0.000000 0.000000 1.000000 10.000000
4.300000 0.300000 0.000000 0.000000 0.000000 1.000000 10.000000
4.300000 0.400000 0.000000 0.029095 0.035644 0.970905 10.000000
4.300000 0.500000 0.000000 0.000000 0.000000 1.000000 10.000000
4.300000 0.600000 0.000000 0.000000 0.000000 1.000000 10.000000
4.300000 0.700000 0.000000 0.000000 0.000000 1.000000 10.000000
4.300000 0.800000 0.000000 0.000000 0.000000 1.000000 10.000000
4.300000 0.900000 0.000000 0.000000 0.000000 1.000000 10.000000
4.300000 1.000000 0.000000 0.000000 0.000000 1.000000 10.000000
4.300000 1.100000 0.000000 0.000000 0.000000 1.000000 10.000000
4.300000 1.200000 0.000000 0.000000 0.000000 1.000000 10.000000
4.300000 1.300000 0.000000 0.000000 0.000000 1.000000 10.000000
4.300000 1.400000 0.000000 0.000000 0.000000 1.000000 10.000000
4.300000 1.500000 0.000000 0.000000 0.000000 1.000000 10.000000
4.300000 1.600000 0.000000 0.000000 0.000000 1.000000 10.000000
4.300000 1.700000 0.000000 0.000000 0.000000 1.000000 10.000000
4.300000 1.800000 0.000000 0.000000 0.000000 1.000000 10.000000
4.300000 1.900000 0.000000 0.000000 0.000000 1.000000 10.000000
4.300000 2.000000 0.000000 0.000000 0.000000 1.000000 10.000000
4.300000 2.100000 0.000000 0.000000 0.000000 1.000000 10.000000
4.300000 2.200000 0.000000 0.000000 0.000000 1.000000 10.000000
4.300000 2.300000 0.000000 0.000000 0.000000 1.000000 10.000000
4.300000 2.400000 0.000000 0.000000 0.000000 1.000000 10.000000
4.300000 2.500000 0.000000 0.000000 0.000000 1.000000 10.000000
4.300000 2.600000 0.000000 0.000000 0.000000 1.000000 10.000000
4.300000 2.700000 0.000000 0.000000 0.000000 1.000000 10.000000
4.300000 2.800000 0.000000 0.000000 0.000000 1.000000 10.000000
4.300000 2.900000 0.000000 0.000000 0.000000 1.000000 10.000000
4.300000 3.000000 0.000000 0.000000 0.000000 1.000000 10.000000
4.300000 3.100000 0.000000 0.000000 0.000000 1.000000 10.000000
4.300000 3.200000 0.000000 0.000000 0.000000 1.000000 10.000000
4.300000 3.300000 0.000000 0.000000 0.000000 1.000000 10.000000
4.300000 3.400000 0.000000 0.000000 0.000000 1.000000 10.000000
4.300000 3.500000 0.000000 0.000000 0.000000 1.000000 10.000000
4.300000 3.600000 0.000000 0.000000 0.000000 1.000000 10.000000
4.300000 3.700000 0.000000 0.000000 0.000000 1.000000 10.000000
4.300000 3.800000 0.000000 0.000000 0.000000 1.000000 10.000000
4.300000 3.900000 0.000000 0.000000 0.000000 1.000000 10.000000
4.300000 4.000000 0.000000 0.000000 0.000000 1.000000 10.000000
4.300000 4.100000 0.000000 0.000000 0.000000 1.000000 10.000000
4.300000 4.200000 0.000000 0.000000 0.000000 1.000000 10.000000
4.300000 4.300000 0.000000 0.000000 0.000000 1.000000 10.000000
4.300000 4.400000 0.000000 0.000000 0.000000 1.000000 10.000000
4.300000 4.500000 0.000000 0.000000 0.000000 1.000000 10.000000
4.300000 4.600000 0.000000 0.000000 0.000000 1.000000 10.000000
4.300000 4.700000 0.000000 0.000000 0.000000 1.000000 10.000000
4.300000 4.800000 0.000000 0.000000 0.000000 1.000000 10.000000
4.300000 4.900000 0.000000 0.000000 0.000000 1.000000 10.000000
4.300000 5.000000 0.000000 0.000000 0.000000 1.000000 10.000000
4.400000 0.000000 0.000000 0.515508 0.486474 0.484492 10.000000
4.400000 0.100000 0.000000 0.000000 0.000000 1.000000 10.000000
4.400000 0.200000 0.000000 0.000000 0.000000 1.000000 10.000000
4.400000 0.300000 0.000000 0.220320 0.008752 0.779680 10.000000
4.400000 0.400000 0.000000 0.277647 0.010121 0.722353 10.000000
4.400000 0.500000 0.000000 0.264988 0.010914 0.735013 10.000000
4.400000 0.600000 0.000000 0.185035 0.007706 0.814965 10.000000
4.400000 0.700000 0.000000 0.000000 0.000000 1.000000 10.000000
4.400000 0.800000 0.000000 0.000000 0.000000 1.000000 10.000000
4.400000 0.900000 0.000000 0.000000 0.000000 1.000000 10.000000
4.400000 1.000000 0.000000 0.000000 0.000000 1.000000 10.000000
4.400000 1.100000 0.000000 0.000000 0.000000 1.000000 10.000000
4.400000 1.200000 0.000000 0.000000 0.000000 1.000000 10.000000
4.400000 1.300000 0.000000 0.000000 0.000000 1.000000 10.000000
4.400000 1.400000 0.000000 0.000000 0.000000 1.000000 10.000000
4.400000 1.500000 0.000000 0.000000 0.000000 1.000000 10.000000
4.400000 1.600000 0.000000 0.000000 0.000000 1.000000 10.000000
4.400000 1.700000 0.000000 0.000000 0.000000 1.000000 10.000000
4.400000 1.800000 0.000000 0.000000 0.000000 1.000000 10.000000
4.400000 1.900000 0.000000 0.000000 0.000000 1.000000 10.000000
4.400000 2.000000 0.000000 0.000000 0.000000 1.000000 10.000000
4.400000 2.100000 0.000000 0.000000 0.000000 1.000000 10.000000
4.400000 2.200000 0.000000 0.000000 0.000000 1.000000 10.000000
4.400000 2.300000 0.000000 0.000000 0.000000 1.000000 10.000000
4.400000 2.400000 0.000000 0.000000 0.000000 1.000000 10.000000
4.400000 2.500000 0.000000 0.000000 0.000000 1.000000 10.000000
4.400000 2.600000 0.000000 0.000000 0.000000 1.000000 10.000000
4.400000 2.700000 0.000000 0.000000 0.000000 1.000000 10.000000
4.400000 2.800000 0.000000 0.000000 0.000000 1.000000 10.000000
4.400000 2.900000 0.000000 0.000000 0.000000 1.000000 10.000000
4.400000 3.000000 0.000000 0.000000 0.000000 1.000000 10.000000
4.400000 3.100000 0.000000 0.000000 0.000000 1.000000 10.000000
4.400000 3.200000 0.000000 0.000000 0.000000 1.000000 10.000000
4.400000 3.300000 0.000000 0.000000 0.000000 1.000000 10.000000
4.400000 3.400000 0.000000 0.000000 0.000000 1.000000 10.000000
4.400000 3.500000 0.000000 0.000000 0.000000 1.000000 10.000000
4.400000 3.600000 0.000000 0.000000 0.000000 1.000000 10.000000
4.400000 3.700000 0.000000 0.000000 0.000000 1.000000 10.000000
4.400000 3.800000 0.000000 0.000000 0.000000 1.000000 10.000000
4.400000 3.900000 0.000000 0.000000 0.000000 1.000000 10.000000
4.400000 4.000000 0.000000 0.000000 0.000000 1.000000 10.000000
4.400000 4.100000 0.000000 0.000000 0.000000 1.000000 10.000000
4.400000 4.200000 0.000000 0.000000 0.000000 1.000000 10.000000
4.400000 4.300000 0.000000 0.000000 0.000000 1.000000 10.000000
4.400000 4.400000 0.000000 0.000000 0.000000 1.000000 10.000000
4.400000 4.500000 0.000000 0.000000 0.000000 1.000000 10.000000
4.400000 4.600000 0.000000 0.000000 0.000000 1.000000 10.000000
4.400000 4.700000 0.000000 0.000000 0.000000 1.000000 10.000000
4.400000 4.800000 0.000000 0.000000 0.000000 1.000000 10.000000
4.400000 4.900000 0.000000 0.000000 0.000000 1.000000 10.000000
4.400000 5.000000 0.000000 0.000000 0.000000 1.000000 10.000000
4.500000 0.000000 0.000000 0.230933 0.343265 0.769068 10.000000
4.500000 0.100000 0.000000 0.000000 0.000000 1.000000 10.000000
4.500000 0.200000 0.000000 0.170698 0.017628 0.829303 10.000000
4.500000 0.300000 0.000000 0.348945 0.009371 0.651055 10.000000
4.500000 0.400000 0.000000 0.376397 0.005463 0.623602 10.000000
4.500000 0.500000 0.000000 0.358895 0.007315 0.641105 10.000000
4.500000 0.600000 0.000000 0.317758 0.007629 0.682243 10.000000
4.500000 0.700000 0.000000 0.253472 0.011593 0.746528 10.000000
4.500000 0.800000 0.000000 0.133640 0.015894 0.866360 10.000000
4.500000 0.900000 0.000000 0.000000 0.000000 1.000000 10.000000
4.500000 1.000000 0.000000 0.000000 0.000000 1.000000 10.000000
4.500000 1.100000 0.000000 0.000000 0.000000 1.000000 10.000000
4.500000 1.200000 0.000000 0.000000 0.000000 1.000000 10.000000
4.500000 1.300000 0.000000 0.000000 0.000000 1.000000 10.000000
4.500000 1.400000 0.000000 0.000000 0.000000 1.000000 10.000000
4.500000 1.500000 0.000000 0.000000 0.000000 1.000000 10.000000
4.500000 1.600000 0.000000 0.000000 0.000000 1.000000 10.000000
4.500000 1.700000 0.000000 0.000000 0.000000 1.000000 10.000000
4.500000 1.800000 0.000000 0.000000 0.000000 1.000000 10.000000
4.500000 1.900000 0.000000 0.000000 0.000000 1.000000 10.000000
4.500000 2.000000 0.000000 0.000000 0.000000 1.000000 10.000000
4.500000 2.100000 0.000000 0.000000 0.000000 1.000000 10.000000
4.500000 2.200000 0.000000 0.000000 0.000000 1.000000 10.000000
4.500000 2.300000 0.000000 0.000000 0.000000 1.000000 10.000000
4.500000 2.400000 0.000000 0.000000 0.000000 1.000000 10.000000
4.500000 2.500000 0.000000 0.000000 0.000000 1.000000 10.000000
4.500000 2.600000 0.000000 0.000000 0.000000 1.000000 10.000000
4.500000 2.700000 0.000000 0.000000 0.000000 1.000000 10.000000
4.500000 2.800000 0.000000 0.000000 0.000000 1.000000 10.000000
4.500000 2.900000 0.000000 0.000000 0.000000 1.000000 10.000000
4.500000 3.000000 0.000000 0.000000 0.000000 1.000000 10.000000
4.500000 3.100000 0.000000 0.000000 0.000000 1.000000 10.000000
4.500000 3.200000 0.000000 0.000000 0.000000 1.000000 10.000000
4.500000 3.300000 0.000000 0.000000 0.000000 1.000000 10.000000
4.500000 3.400000 0.000000 0.000000 0.000000 1.000000 10.000000
4.500000 3.500000 0.000000 0.000000 0.000000 1.000000 10.000000
4.500000 3.600000 0.000000 0.000000 0.000000 1.000000 10.000000
4.500000 3.700000 0.000000 0.000000 0.000000 1.000000 10.000000
4.500000 3.800000 0.000000 0.000000 0.000000 1.000000 10.000000
4.500000 3.900000 0.000000 0.000000 0.000000 1.000000 10.000000
4.500000 4.000000 0.000000 0.000000 0.000000 1.000000 10.000000
4.500000 4.100000 0.000000 0.000000 0.000000 1.000000 10.000000
4.500000 4.200000 0.000000 0.000000 0.000000 1.000000 10.000000
4.500000 4.300000 0.000000 0.000000 0.000000 1.000000 10.000000
4.500000 4.400000 0.000000 0.000000 0.000000 1.000000 10.000000
4.500000 4.500000 0.000000 0.000000 0.000000 1.000000 10.000000
4.500000 4.600000 0.000000 0.000000 0.000000 1.000000 10.000000
4.500000 4.700000 0.000000 0.000000 0.000000 1.000000 10.000000
4.500000 4.800000 0.000000 0.000000 0.000000 1.000000 10.000000
4.500000 4.900000 0.000000 0.000000 0.000000 1.000000 10.000000
4.500000 5.000000 0.000000 0.000000 0.000000 1.000000 10.000000
4.600000 0.000000 0.000000 0.250793 0.403611 0.749208 10.000000
4.600000 0.100000 0.000000 0.000000 0.000000 1.000000 10.000000
4.600000 0.200000 0.000000 0.325860 0.012421 0.674140 10.000000
4.600000 0.300000 0.000000 0.422802 0.005568 0.577197 10.000000
4.600000 0.400000 0.000000 0.443527 0.004518 0.556473 10.000000
4.600000 0.500000 0.000000 0.428630 0.008571 0.571370 10.000000
4.600000 0.600000 0.000000 0.400022 0.005718 0.599977 10.000000
4.600000 0.700000 0.000000 0.362992 0.008482 0.637008 10.000000
4.600000 0.800000 0.000000 0.310952 0.010713 0.689047 10.000000
4.600000 0.900000 0.000000 0.246397 0.011132 0.753602 10.000000
4.600000 1.000000 0.000000 0.145278 0.005671 0.854722 10.000000
4.600000 1.100000 0.000000 0.000000 0.000000 1.000000 10.000000
4.600000 1.200000 0.000000 0.000000 0.000000 1.000000 10.000000
4.600000 1.300000 0.000000 0.000000 0.000000 1.000000 10.000000
4.600000 1.400000 0.000000 0.000000 0.000000 1.000000 10.000000
4.600000 1.500000 0.000000 0.000000 0.000000 1.000000 10.000000
4.600000 1.600000 0.000000 0.000000 0.000000 1.000000 10.000000
4.600000 1.700000 0.000000 0.000000 0.000000 1.000000 10.000000
4.600000 1.800000 0.000000 0.000000 0.000000 1.000000 10.000000
4.600000 1.900000 0.000000 0.000000 0.000000 1.000000 10.000000
4.600000 2.000000 0.000000 0.000000 0.000000 1.000000 10.000000
4.600000 2.100000 0.000000 0.000000 0.000000 1.000000 10.000000
4.600000 2.200000 0.000000 0.000000 0.000000 1.000000 10.000000
4.600000 2.300000 0.000000 0.000000 0.000000 1.000000 10.000000
4.600000 2.400000 0.000000 0.000000 0.000000 1.000000 10.000000
4.600000 2.500000 0.000000 0.000000 0.000000 1.000000 10.000000
4.600000 2.600000 0.000000 0.000000 0.000000 1.000000 10.000000
4.600000 2.700000 0.000000 0.000000 0.000000 1.000000 10.000000
4.600000 2.800000 0.000000 0.000000 0.000000 1.000000 10.000000
4.600000 2.900000 0.000000 0.000000 0.000000 1.000000 10.000000
4.600000 3.000000 0.000000 0.000000 0.000000 1.000000 10.000000
4.600000 3.100000 0.000000 0.000000 0.000000 1.000000 10.000000
4.600000 3.200000 0.000000 0.000000 0.000000 1.000000 10.000000
4.600000 3.300000 0.000000 0.000000 0.000000 1.000000 10.000000
4.600000 3.400000 0.000000 0.000000 0.000000 1.000000 10.000000
4.600000 3.500000 0.000000 0.000000 0.000000 1.000000 10.000000
4.600000 3.600000 0.000000 0.000000 0.000000 1.000000 10.000000
4.600000 3.700000 0.000000 0.000000 0.000000 1.000000 10.000000
4.600000 3.800000 0.000000 0.000000 0.000000 1.000000 10.000000
4.600000 3.900000 0.000000 0.000000 0.000000 1.000000 10.000000
4.600000 4.000000 0.000000 0.000000 0.000000 1.000000 10.000000
4.600000 4.100000 0.000000 0.000000 0.000000 1.000000 10.000000
4.600000 4.200000 0.000000 0.000000 0.000000 1.000000 10.000000
4.600000 4.300000 0.000000 0.000000 0.000000 1.000000 10.000000
4.600000 4.400000 0.000000 0.000000 0.000000 1.000000 10.000000
4.600000 4.500000 0.000000 0.000000 0.000000 1.000000 10.000000
4.600000 4.600000 0.000000 0.000000 0.000000 1.000000 10.000000
4.600000 4.700000 0.000000 0.000000 0.000000 1.000000 10.000000
4.600000 4.800000 0.000000 0.000000 0.000000 1.000000 10.000000
4.600000 4.900000 0.000000 0.000000 0.000000 1.000000 10.000000
4.600000 5.000000 0.000000 0.000000 0.000000 1.000000 10.000000
4.700000 0.000000 0.000000 0.605753 0.430390 0.394247 10.000000
4.700000 0.100000 0.000000 0.000000 0.000000 1.000000 10.000000
4.700000 0.200000 0.000000 0.416077 0.005689 0.583923 10.000000
4.700000 0.300000 0.000000 0.484527 0.006182 0.515473 10.000000
4.700000 0.400000 0.000000 0.499748 0.007658 0.500252 10.000000
4.700000 0.500000 0.000000 0.492542 0.007561 0.507458 10.000000
4.700000 0.600000 0.000000 0.463160 0.003701 0.536840 10.000000
4.700000 0.700000 0.000000 0.445165 0.005590 0.554835 10.000000
4.700000 0.800000 0.000000 0.410650 0.007684 0.589350 10.000000
4.700000 0.900000 0.000000 0.377515 0.007566 0.622485 10.000000
4.700000 1.000000 0.000000 0.344545 0.010795 0.655455 10.000000
4.700000 1.100000 0.000000 0.302685 0.009957 0.697315 10.000000
4.700000 1.200000 0.000000 0.248700 0.010513 0.751300 10.000000
4.700000 1.300000 0.000000 0.179960 0.007410 0.820040 10.000000
4.700000 1.400000 0.000000 0.001185 0.003555 0.998815 10.000000
4.700000 1.500000 0.000000 0.000000 0.000000 1.000000 10.000000
4.700000 1.600000 0.000000 0.000000 0.000000 1.000000 10.000000
4.700000 1.700000 0.000000 0.000000 0.000000 1.000000 10.000000
4.700000 1.800000 0.000000 0.000000 0.000000 1.000000 10.000000
4.700000 1.900000 0.000000 0.000000 0.000000 1.000000 10.000000
4.700000 2.000000 0.000000 0.000000 0.000000 1.000000 9.000000
4.700000 2.100000 0.000000 0.000000 0.000000 1.000000 10.000000
4.700000 2.200000 0.000000 0.000000 0.000000 1.000000 10.000000
4.700000 2.300000 0.000000 0.000000 0.000000 1.000000 10.000000
4.700000 2.400000 0.000000 0.000000 0.000000 1.000000 10.000000
4.700000 2.500000 0.000000 0.000000 0.000000 1.000000 10.000000
4.700000 2.600000 0.000000 0.000000 0.000000 1.000000 10.000000
4.700000 2.700000 0.000000 0.000000 0.000000 1.000000 10.000000
4.700000 2.800000 0.000000 0.000000 0.000000 1.000000 10.000000
4.700000 2.900000 0.000000 0.000000 0.000000 1.000000 9.000000
4.700000 3.000000 0.000000 0.000000 0.000000 1.000000 9.000000
4.700000 3.100000 0.000000 0.000000 0.000000 1.000000 10.000000
4.700000 3.200000 0.000000 0.000000 0.000000 1.000000 9.000000
4.700000 3.300000 0.000000 0.000000 0.000000 1.000000 9.000000
4.700000 3.400000 0.000000 0.000000 0.000000 1.000000 10.000000
4.700000 3.500000 0.000000 0.000000 0.000000 1.000000 10.000000
4.700000 3.600000 0.000000 0.000000 0.000000 1.000000 9.000000
4.700000 3.700000 0.000000 0.000000 0.000000 1.000000 9.000000
4.700000 3.800000 0.000000 0.000000 0.000000 1.000000 9.000000
4.700000 3.900000 0.000000 0.000000 0.000000 1.000000 9.000000
4.700000 4.000000 0.000000 0.000000 0.000000 1.000000 10.000000
4.700000 4.100000 0.000000 0.000000 0.000000 1.000000 10.000000
4.700000 4.200000 0.000000 0.000000 0.000000 1.000000 9.000000
4.700000 4.300000 0.000000 0.000000 0.000000 1.000000 9.000000
4.700000 4.400000 0.000000 0.000000 0.000000 1.000000 9.000000
4.700000 4.500000 0.000000 0.000000 0.000000 1.000000 9.000000
4.700000 4.600000 0.000000 0.000000 0.000000 1.000000 9.000000
4.700000 4.700000 0.000000 0.000000 0.000000 1.000000 10.000000
4.700000 4.800000 0.000000 0.000000 0.000000 1.000000 9.000000
4.700000 4.900000 0.000000 0.000000 0.000000 1.000000 9.000000
4.700000 5.000000 0.000000 0.000000 0.000000 1.000000 9.000000
4.800000 0.000000 0.000000 0.560369 0.491681 0.439631 9.000000
4.800000 0.100000 0.000000 0.309970 0.008239 0.690030 10.000000
4.800000 0.200000 0.000000 0.501028 0.007795 0.498972 9.000000
4.800000 0.300000 0.000000 0.542955 0.004154 0.457045 10.000000
4.800000 0.400000 0.000000 0.549535 0.006132 0.450465 10.000000
4.800000 0.500000 0.000000 0.542725 0.005072 0.457275 9.000000
4.800000 0.600000 0.000000 0.527987 0.005438 0.472013 10.000000
4.800000 0.700000 0.000000 0.513097 0.007181 0.486903 10.000000
4.800000 0.800000 0.000000 0.493290 0.007381 0.506710 10.000000
4.800000 0.900000 0.000000 0.472375 0.006038 0.527625 10.000000
4.800000 1.000000 0.000000 0.453058 0.009853 0.546942 10.000000
4.800000 1.100000 0.000000 0.436397 0.007165 0.563603 10.000000
4.800000 1.200000 0.000000 0.416775 0.006971 0.583225 9.000000
4.800000 1.300000 0.000000 0.395798 0.005454 0.604202 10.000000
4.800000 1.400000 0.000000 0.371285 0.007233 0.628715 10.000000
4.800000 1.500000 0.000000 0.342830 0.010303 0.657170 10.000000
4.800000 1.600000 0.000000 0.313175 0.007939 0.686825 10.000000
4.800000 1.700000 0.000000 0.280265 0.011675 0.719735 10.000000
4.800000 1.800000 0.000000 0.249592 0.013887 0.750408 10.000000
4.800000 1.900000 0.000000 0.204258 0.010253 0.795743 10.000000
4.800000 2.000000 0.000000 0.141800 0.011698 0.858200 10.000000
4.800000 2.100000 0.000000 0.000253 0.000757 0.999748 10.000000
4.800000 2.200000 0.000000 0.000000 0.000000 1.000000 10.000000
4.800000 2.300000 0.000000 0.000000 0.000000 1.000000 10.000000
4.800000 2.400000 0.000000 0.000000 0.000000 1.000000 10.000000
4.800000 2.500000 0.000000 0.000000 0.000000 1.000000 10.000000
4.800000 2.600000 0.000000 0.000000 0.000000 1.000000 10.000000
4.800000 2.700000 0.000000 0.000000 0.000000 1.000000 10.000000
4.800000 2.800000 0.000000 0.000000 0.000000 1.000000 10.000000
4.800000 2.900000 0.000000 0.000000 0.000000 1.000000 10.000000
4.800000 3.000000 0.000000 0.000000 0.000000 1.000000 10.000000
4.800000 3.100000 0.000000 0.000000 0.000000 1.000000 10.000000
4.800000 3.200000 0.000000 0.000000 0.000000 1.000000 10.000000
4.800000 3.300000 0.000000 0.000000 0.000000 1.000000 10.000000
4.800000 3.400000 0.000000 0.000000 0.000000 1.000000 10.000000
4.800000 3.500000 0.000000 0.000000 0.000000 1.000000 10.000000
4.800000 3.600000 0.000000 0.000000 0.000000 1.000000 10.000000
4.800000 3.700000 0.000000 0.000000 0.000000 1.000000 10.000000
4.800000 3.800000 0.000000 0.000000 0.000000 1.000000 10.000000
4.800000 3.900000 0.000000 0.000000 0.000000 1.000000 10.000000
4.800000 4.000000 0.000000 0.000000 0.000000 1.000000 10.000000
4.800000 4.100000 0.000000 0.000000 0.000000 1.000000 10.000000
4.800000 4.200000 0.000000 0.000000 0.000000 1.000000 10.000000
4.800000 4.300000 0.000000 0.000000 0.000000 1.000000 10.000000
4.800000 4.400000 0.000000 0.000000 0.000000 1.000000 10.000000
4.800000 4.500000 0.000000 0.000000 0.000000 1.000000 10.000000
4.800000 4.600000 0.000000 0.000000 0.000000 1.000000 10.000000
4.800000 4.700000 0.000000 0.000000 0.000000 1.000000 10.000000
4.800000 4.800000 0.000000 0.000000 0.000000 1.000000 10.000000
4.800000 4.900000 0.000000 0.000000 0.000000 1.000000 10.000000
4.800000 5.000000 0.000000 0.000000 0.000000 1.000000 10.000000
4.900000 0.000000 0.000000 0.416090 0.479018 0.583910 10.000000
4.900000 0.100000 0.000000 0.451387 0.010195 0.548612 10.000000
4.900000 0.200000 0.000000 0.560210 0.008830 0.439790 10.000000
4.900000 0.300000 0.000000 0.584543 0.004805 0.415458 10.000000
4.900000 0.400000 0.000000 0.590925 0.004859 0.409075 10.000000
4.900000 0.500000 0.000000 0.591982 0.003844 0.408017 10.000000
4.900000 0.600000 0.000000 0.584317 0.006384 0.415682 10.000000
4.900000 0.700000 0.000000 0.577598 0.004638 0.422403 10.000000
4.900000 0.800000 0.000000 0.568161 0.005284 0.431839 9.000000
4.900000 0.900000 0.000000 0.559365 0.005950 0.440635 10.000000
4.900000 1.000000 0.000000 0.549187 0.004873 0.450813 10.000000
4.900000 1.100000 0.000000 0.536956 0.005710 0.463044 9.000000
4.900000 1.200000 0.000000 0.534481 0.005629 0.465519 9.000000
4.900000 1.300000 0.000000 0.523088 0.006401 0.476912 10.000000
4.900000 1.400000 0.000000 0.515110 0.005418 0.484890 10.000000
4.900000 1.500000 0.000000 0.502538 0.006592 0.497463 10.000000
4.900000 1.600000 0.000000 0.495388 0.006804 0.504612 10.000000
4.900000 1.700000 0.000000 0.483553 0.007740 0.516448 10.000000
4.900000 1.800000 0.000000 0.477002 0.005539 0.522998 10.000000
4.900000 1.900000 0.000000 0.462940 0.005570 0.537060 10.000000
4.900000 2.000000 0.000000 0.453082 0.003451 0.546917 10.000000
4.900000 2.100000 0.000000 0.445833 0.005572 0.554167 10.000000
4.900000 2.200000 0.000000 0.436113 0.008768 0.563887 10.000000
4.900000 2.300000 0.000000 0.423370 0.009261 0.576630 10.000000
4.900000 2.400000 0.000000 0.415873 0.007960 0.584127 10.000000
4.900000 2.500000 0.000000 0.401562 0.006487 0.598437 10.000000
4.900000 2.600000 0.000000 0.391115 0.006577 0.608885 10.000000
4.900000 2.700000 0.000000 0.382640 0.007563 0.617360 10.000000
4.900000 2.800000 0.000000 0.369715 0.008862 0.630285 10.000000
4.900000 2.900000 0.000000 0.356153 0.010307 0.643847 10.000000
4.900000 3.000000 0.000000 0.340525 0.007777 0.659475 10.000000
4.900000 3.100000 0.000000 0.329715 0.008344 0.670285 10.000000
4.900000 3.200000 0.000000 0.315325 0.011146 0.684675 10.000000
4.900000 3.300000 0.000000 0.302613 0.010626 0.697388 10.000000
4.900000 3.400000 0.000000 0.287523 0.007369 0.712478 10.000000
4.900000 3.500000 0.000000 0.267047 0.011087 0.732952 10.000000
4.900000 3.600000 0.000000 0.247470 0.008402 0.752530 10.000000
4.900000 3.700000 0.000000 0.219125 0.008179 0.780875 10.000000
4.900000 3.800000 0.000000 0.207050 0.011041 0.792950 10.000000
4.900000 3.900000 0.000000 0.179762 0.014264 0.820237 10.000000
4.900000 4.000000 0.000000 0.146520 0.010669 0.853480 10.000000
4.900000 4.100000 0.000000 0.106507 0.014685 0.893493 10.000000
4.900000 4.200000 0.000000 0.000000 0.000000 1.000000 10.000000
4.900000 4.300000 0.000000 0.000000 0.000000 1.000000 10.000000
4.900000 4.400000 0.000000 0.000000 0.000000 1.000000 10.000000
4.900000 4.500000 0.000000 0.000000 0.000000 1.000000 10.000000
4.900000 4.600000 0.000000 0.000000 0.000000 1.000000 10.000000
4.900000 4.700000 0.000000 0.000000 0.000000 1.000000 10.000000
4.900000 4.800000 0.000000 0.000000 0.000000 1.000000 10.000000
4.900000 4.900000 0.000000 0.000000 0.000000 1.000000 10.000000
4.900000 5.000000 0.000000 0.000000 0.000000 1.000000 10.000000
5.000000 0.000000 0.000000 0.400000 0.489898 0.600000 10.000000
5.000000 0.100000 0.000000 0.570320 0.011119 0.429680 10.000000
5.000000 0.200000 0.000000 0.607935 0.006495 0.392065 10.000000
5.000000 0.300000 0.000000 0.626932 0.007189 0.373067 10.000000
5.000000 0.400000 0.000000 0.631953 0.006955 0.368048 10.000000
5.000000 0.500000 0.000000 0.637508 0.004166 0.362492 10.000000
5.000000 0.600000 0.000000 0.638960 0.005138 0.361040 10.000000
5.000000 0.700000 0.000000 0.639752 0.005191 0.360248 10.000000
5.000000 0.800000 0.000000 0.633568 0.003979 0.366432 10.000000
5.000000 0.900000 0.000000 0.635268 0.004966 0.364733 10.000000
5.000000 1.000000 0.000000 0.636230 0.006013 0.363770 10.000000
5.000000 1.100000 0.000000 0.638748 0.004217 0.361253 10.000000
5.000000 1.200000 0.000000 0.636775 0.004421 0.363225 10.000000
5.000000 1.300000 0.000000 0.637375 0.003075 0.362625 10.000000
5.000000 1.400000 0.000000 0.635700 0.004684 0.364300 10.000000
5.000000 1.500000 0.000000 0.637570 0.004541 0.362430 10.000000
5.000000 1.600000 0.000000 0.635718 0.002586 0.364283 10.000000
5.000000 1.700000 0.000000 0.639757 0.005034 0.360242 10.000000
5.000000 1.800000 0.000000 0.635923 0.004340 0.364077 10.000000
5.000000 1.900000 0.000000 0.638852 0.003818 0.361148 10.000000
5.000000 2.000000 0.000000 0.639377 0.005504 0.360623 10.000000
5.000000 2.100000 0.000000 0.636317 0.002923 0.363683 10.000000
5.000000 2.200000 0.000000 0.638183 0.003859 0.361818 10.000000
5.000000 2.300000 0.000000 0.638393 0.004419 0.361607 10.000000
5.000000 2.400000 0.000000 0.635807 0.003901 0.364192 10.000000
5.000000 2.500000 0.000000 0.636493 0.005597 0.363507 10.000000
5.000000 2.600000 0.000000 0.639847 0.004005 0.360153 10.000000
5.000000 2.700000 0.000000 0.638602 0.008158 0.361397 10.000000
5.000000 2.800000 0.000000 0.637460 0.004858 0.362540 10.000000
5.000000 2.900000 0.000000 0.639025 0.006135 0.360975 10.000000
5.000000 3.000000 0.000000 0.636175 0.004332 0.363825 10.000000
5.000000 3.100000 0.000000 0.636675 0.002309 0.363325 10.000000
5.000000 3.200000 0.000000 0.638405 0.004940 0.361595 10.000000
5.000000 3.300000 0.000000 0.637483 0.004518 0.362517 10.000000
5.000000 3.400000 0.000000 0.639325 0.006472 0.360675 10.000000
5.000000 3.500000 0.000000 0.637108 0.006420 0.362892 10.000000
5.000000 3.600000 0.000000 0.637285 0.006281 0.362715 10.000000
5.000000 3.700000 0.000000 0.634400 0.003632 0.365600 9.000000
5.000000 3.800000 0.000000 0.638130 0.005945 0.361870 10.000000
5.000000 3.900000 0.000000 0.636040 0.005359 0.363960 10.000000
5.000000 4.000000 0.000000 0.638472 0.005219 0.361528 10.000000
5.000000 4.100000 0.000000 0.637130 0.007386 0.362870 10.000000
5.000000 4.200000 0.000000 0.635577 0.007046 0.364422 10.000000
5.000000 4.300000 0.000000 0.636919 0.002956 0.363081 9.000000
5.000000 4.400000 0.000000 0.638332 0.004756 0.361667 10.000000
5.000000 4.500000 0.000000 0.639945 0.006063 0.360055 10.000000
5.000000 4.600000 0.000000 0.638318 0.006158 0.361683 10.000000
5.000000 4.700000 0.000000 0.638585 0.004767 0.361415 10.000000
5.000000 4.800000 0.000000 0.638378 0.004608 0.361623 10.000000
5.000000 4.900000 0.000000 0.636657 0.006966 0.363343 10.000000
5.000000 5.000000 0.000000 0.639010 0.002669 0.360990 10.000000
5.100000 0.000000 0.000000 0.629595 0.460835 0.370405 10.000000
5.100000 0.100000 0.000000 0.663647 0.011849 0.336352 10.000000
5.100000 0.200000 0.000000 0.662992 0.003474 0.337008 10.000000
5.100000 0.300000 0.000000 0.667240 0.007382 0.332760 10.000000
5.100000 0.400000 0.000000 0.674943 0.004326 0.325057 10.000000
5.100000 0.500000 0.000000 0.680003 0.004635 0.319997 10.000000
5.100000 0.600000 0.000000 0.685988 0.005982 0.314012 10.000000
5.100000 0.700000 0.000000 0.697248 0.005223 0.302753 10.000000
5.100000 0.800000 0.000000 0.702133 0.005089 0.297868 10.000000
5.100000 0.900000 0.000000 0.713142 0.005493 0.286857 10.000000
5.100000 1.000000 0.000000 0.721860 0.004743 0.278140 10.000000
5.100000 1.100000 0.000000 0.727167 0.004604 0.272833 9.000000
5.100000 1.200000 0.000000 0.736743 0.003587 0.263258 10.000000
5.100000 1.300000 0.000000 0.745410 0.003401 0.254590 10.000000
5.100000 1.400000 0.000000 0.754860 0.004501 0.245140 10.000000
5.100000 1.500000 0.000000 0.761227 0.007975 0.238772 10.000000
5.100000 1.600000 0.000000 0.766915 0.002891 0.233085 10.000000
5.100000 1.700000 0.000000 0.775590 0.006842 0.224410 10.000000
5.100000 1.800000 0.000000 0.780887 0.003643 0.219112 10.000000
5.100000 1.900000 0.000000 0.789148 0.004048 0.210852 10.000000
5.100000 2.000000 0.000000 0.796020 0.004454 0.203980 10.000000
5.100000 2.100000 0.000000 0.803608 0.002950 0.196392 10.000000
5.100000 2.200000 0.000000 0.810762 0.005485 0.189238 10.000000
5.100000 2.300000 0.000000 0.818717 0.002504 0.181283 10.000000
5.100000 2.400000 0.000000 0.822862 0.003391 0.177138 10.000000
5.100000 2.500000 0.000000 0.829987 0.001814 0.170012 10.000000
5.100000 2.600000 0.000000 0.837510 0.003186 0.162490 10.000000
5.100000 2.700000 0.000000 0.842164 0.003712 0.157836 9.000000
5.100000 2.800000 0.000000 0.848720 0.002539 0.151280 10.000000
5.100000 2.900000 0.000000 0.853703 0.002970 0.146298 10.000000
5.100000 3.000000 0.000000 0.860533 0.004130 0.139467 10.000000
5.100000 3.100000 0.000000 0.866060 0.003065 0.133940 10.000000
5.100000 3.200000 0.000000 0.872210 0.001614 0.127790 10.000000
5.100000 3.300000 0.000000 0.876110 0.003847 0.123890 10.000000
5.100000 3.400000 0.000000 0.879192 0.003309 0.120807 10.000000
5.100000 3.500000 0.000000 0.886787 0.002702 0.113213 10.000000
5.100000 3.600000 0.000000 0.889615 0.002983 0.110385 10.000000
5.100000 3.700000 0.000000 0.894935 0.003666 0.105065 10.000000
5.100000 3.800000 0.000000 0.899137 0.002384 0.100863 10.000000
5.100000 3.900000 0.000000 0.901008 0.002565 0.098992 10.000000
5.100000 4.000000 0.000000 0.908100 0.003614 0.091900 9.000000
5.100000 4.100000 0.000000 0.911253 0.002182 0.088748 10.000000
5.100000 4.200000 0.000000 0.915033 0.002340 0.084968 10.000000
5.100000 4.300000 0.000000 0.916620 0.001297 0.083380 10.000000
5.100000 4.400000 0.000000 0.920138 0.002422 0.079863 10.000000
5.100000 4.500000 0.000000 0.925635 0.003114 0.074365 10.000000
5.100000 4.600000 0.000000 0.928070 0.002441 0.071930 10.000000
5.100000 4.700000 0.000000 0.930127 0.002025 0.069873 10.000000
5.100000 4.800000 0.000000 0.932505 0.002617 0.067495 10.000000
5.100000 4.900000 0.000000 0.934685 0.002407 0.065315 10.000000
5.100000 5.000000 0.000000 0.938523 0.001488 0.061478 10.000000
5.200000 0.000000 0.000000 0.400000 0.489898 0.600000 10.000000
5.200000 0.100000 0.000000 0.766465 0.013742 0.233535 10.000000
5.200000 0.200000 0.000000 0.702425 0.004661 0.297575 10.000000
5.200000 0.300000 0.000000 0.699603 0.006901 0.300397 10.000000
5.200000 0.400000 0.000000 0.711140 0.003592 0.288860 10.000000
5.200000 0.500000 0.000000 0.724542 0.002705 0.275458 10.000000
5.200000 0.600000 0.000000 0.737595 0.004734 0.262405 10.000000
5.200000 0.700000 0.000000 0.751218 0.004099 0.248782 10.000000
5.200000 0.800000 0.000000 0.765920 0.004517 0.234080 10.000000
5.200000 0.900000 0.000000 0.785977 0.004943 0.214023 10.000000
5.200000 1.000000 0.000000 0.798400 0.005576 0.201600 10.000000
5.200000 1.100000 0.000000 0.813163 0.005972 0.186837 10.000000
5.200000 1.200000 0.000000 0.825222 0.003868 0.174778 10.000000
5.200000 1.300000 0.000000 0.835815 0.002606 0.164185 10.000000
5.200000 1.400000 0.000000 0.850038 0.003479 0.149962 10.000000
5.200000 1.500000 0.000000 0.857665 0.004441 0.142335 10.000000
5.200000 1.600000 0.000000 0.872273 0.002573 0.127727 10.000000
5.200000 1.700000 0.000000 0.880035 0.003794 0.119965 10.000000
5.200000 1.800000 0.000000 0.889505 0.003354 0.110495 10.000000
5.200000 1.900000 0.000000 0.896660 0.002930 0.103340 10.000000
5.200000 2.000000 0.000000 0.906975 0.002493 0.093025 10.000000
5.200000 2.100000 0.000000 0.913598 0.001736 0.086403 10.000000
5.200000 2.200000 0.000000 0.921215 0.003146 0.078785 10.000000
5.200000 2.300000 0.000000 0.926500 0.001428 0.073500 10.000000
5.200000 2.400000 0.000000 0.932735 0.003096 0.067265 10.000000
5.200000 2.500000 0.000000 0.938307 0.001396 0.061692 10.000000
5.200000 2.600000 0.000000 0.942235 0.002053 0.057765 10.000000
5.200000 2.700000 0.000000 0.947288 0.001941 0.052713 10.000000
5.200000 2.800000 0.000000 0.950713 0.001846 0.049288 10.000000
5.200000 2.900000 0.000000 0.954722 0.001268 0.045277 10.000000
5.200000 3.000000 0.000000 0.958590 0.001475 0.041410 10.000000
5.200000 3.100000 0.000000 0.961008 0.001284 0.038992 10.000000
5.200000 3.200000 0.000000 0.963795 0.001549 0.036205 10.000000
5.200000 3.300000 0.000000 0.967410 0.001781 0.032590 10.000000
5.200000 3.400000 0.000000 0.969577 0.002037 0.030422 10.000000
5.200000 3.500000 0.000000 0.971562 0.000774 0.028437 10.000000
5.200000 3.600000 0.000000 0.972875 0.001402 0.027125 10.000000
5.200000 3.700000 0.000000 0.974635 0.001239 0.025365 10.000000
5.200000 3.800000 0.000000 0.976680 0.001355 0.023320 10.000000
5.200000 3.900000 0.000000 0.978270 0.001281 0.021730 10.000000
5.200000 4.000000 0.000000 0.979150 0.000935 0.020850 10.000000
5.200000 4.100000 0.000000 0.980630 0.001121 0.019370 10.000000
5.200000 4.200000 0.000000 0.981820 0.001197 0.018180 10.000000
5.200000 4.300000 0.000000 0.982803 0.000919 0.017197 10.000000
5.200000 4.400000 0.000000 0.983827 0.001084 0.016172 10.000000
5.200000 4.500000 0.000000 0.985105 0.000869 0.014895 10.000000
5.200000 4.600000 0.000000 0.985535 0.000428 0.014465 10.000000
5.200000 4.700000 0.000000 0.986913 0.000882 0.013088 10.000000
5.200000 4.800000 0.000000 0.987715 0.000858 0.012285 10.000000
5.200000 4.900000 0.000000 0.988210 0.000686 0.011790 10.000000
5.200000 5.000000 0.000000 0.988717 0.000885 0.011282 10.000000
5.300000 0.000000 0.000000 0.500000 0.500000 0.500000 10.000000
5.300000 0.100000 0.000000 0.855895 0.010373 0.144105 10.000000
5.300000 0.200000 0.000000 0.746673 0.004783 0.253328 10.000000
5.300000 0.300000 0.000000 0.737852 0.004122 0.262148 10.000000
5.300000 0.400000 0.000000 0.747355 0.005280 0.252645 10.000000
5.300000 0.500000 0.000000 0.763465 0.004681 0.236535 10.000000
5.300000 0.600000 0.000000 0.783303 0.003141 0.216697 10.000000
5.300000 0.700000 0.000000 0.806980 0.003887 0.193020 10.000000
5.300000 0.800000 0.000000 0.823997 0.004097 0.176003 10.000000
5.300000 0.900000 0.000000 0.840148 0.002260 0.159853 10.000000
5.300000 1.000000 0.000000 0.860102 0.004037 0.139898 10.000000
5.300000 1.100000 0.000000 0.876495 0.002572 0.123505 10.000000
5.300000 1.200000 0.000000 0.891508 0.003020 0.108492 10.000000
5.300000 1.300000 0.000000 0.901497 0.003213 0.098502 10.000000
5.300000 1.400000 0.000000 0.914815 0.002923 0.085185 10.000000
5.300000 1.500000 0.000000 0.924783 0.001356 0.075217 10.000000
5.300000 1.600000 0.000000 0.932967 0.002384 0.067032 10.000000
5.300000 1.700000 0.000000 0.940270 0.002250 0.059730 10.000000
5.300000 1.800000 0.000000 0.946155 0.001402 0.053845 10.000000
5.300000 1.900000 0.000000 0.953410 0.000950 0.046590 10.000000
5.300000 2.000000 0.000000 0.958702 0.001890 0.041298 10.000000
5.300000 2.100000 0.000000 0.961963 0.001244 0.038037 10.000000
5.300000 2.200000 0.000000 0.966475 0.002018 0.033525 10.000000
5.300000 2.300000 0.000000 0.969975 0.001822 0.030025 10.000000
5.300000 2.400000 0.000000 0.973107 0.000965 0.026893 10.000000
5.300000 2.500000 0.000000 0.974970 0.000906 0.025030 10.000000
5.300000 2.600000 0.000000 0.978030 0.001360 0.021970 10.000000
5.300000 2.700000 0.000000 0.980063 0.001538 0.019938 10.000000
5.300000 2.800000 0.000000 0.981993 0.000875 0.018007 10.000000
5.300000 2.900000 0.000000 0.982965 0.001029 0.017035 10.000000
5.300000 3.000000 0.000000 0.984822 0.000694 0.015178 10.000000
5.300000 3.100000 0.000000 0.986313 0.000774 0.013688 10.000000
5.300000 3.200000 0.000000 0.987567 0.001009 0.012432 10.000000
5.300000 3.300000 0.000000 0.988260 0.000794 0.011740 10.000000
5.300000 3.400000 0.000000 0.989358 0.000488 0.010642 10.000000
5.300000 3.500000 0.000000 0.990458 0.000567 0.009542 10.000000
5.300000 3.600000 0.000000 0.991050 0.000634 0.008950 10.000000
5.300000 3.700000 0.000000 0.992232 0.000475 0.007767 10.000000
5.300000 3.800000 0.000000 0.992207 0.000407 0.007792 10.000000
5.300000 3.900000 0.000000 0.993207 0.000594 0.006792 10.000000
5.300000 4.000000 0.000000 0.993642 0.000395 0.006357 10.000000
5.300000 4.100000 0.000000 0.994030 0.000698 0.005970 10.000000
5.300000 4.200000 0.000000 0.994430 0.000365 0.005570 10.000000
5.300000 4.300000 0.000000 0.994783 0.000494 0.005217 10.000000
5.300000 4.400000 0.000000 0.995148 0.000360 0.004853 10.000000
5.300000 4.500000 0.000000 0.995688 0.000326 0.004312 10.000000
5.300000 4.600000 0.000000 0.995950 0.000434 0.004050 10.000000
5.300000 4.700000 0.000000 0.996105 0.000503 0.003895 10.000000
5.300000 4.800000 0.000000 0.996415 0.000362 0.003585 10.000000
5.300000 4.900000 0.000000 0.996743 0.000531 0.003257 10.000000
5.300000 5.000000 0.000000 0.996918 0.000244 0.003082 10.000000
5.400000 0.000000 0.000000 0.500000 0.500000 0.500000 10.000000
5.400000 0.100000 0.000000 1.000000 0.000000 0.000000 10.000000
5.400000 0.200000 0.000000 0.785177 0.007260 0.214822 10.000000
5.400000 0.300000 0.000000 0.769523 0.005919 0.230478 10.000000
5.400000 0.400000 0.000000 0.785110 0.004635 0.214890 10.000000
5.400000 0.500000 0.000000 0.803610 0.005101 0.196390 10.000000
5.400000 0.600000 0.000000 0.827770 0.002297 0.172230 10.000000
5.400000 0.700000 0.000000 0.849175 0.003192 0.150825 10.000000
5.400000 0.800000 0.000000 0.870540 0.003827 0.129460 10.000000
5.400000 0.900000 0.000000 0.889460 0.003069 0.110540 10.000000
5.400000 1.000000 0.000000 0.906917 0.002066 0.093082 10.000000
5.400000 1.100000 0.000000 0.919225 0.002438 0.080775 10.000000
5.400000 1.200000 0.000000 0.932630 0.001872 0.067370 10.000000
5.400000 1.300000 0.000000 0.942183 0.003080 0.057817 9.000000
5.400000 1.400000 0.000000 0.951040 0.001452 0.048960 10.000000
5.400000 1.500000 0.000000 0.958919 0.002163 0.041081 8.000000
5.400000 1.600000 0.000000 0.963422 0.001387 0.036578 9.000000
5.400000 1.700000 0.000000 0.968220 0.001276 0.031780 10.000000
5.400000 1.800000 0.000000 0.973333 0.001466 0.026668 10.000000
5.400000 1.900000 0.000000 0.976195 0.001270 0.023805 10.000000
5.400000 2.000000 0.000000 0.979335 0.001071 0.020665 10.000000
5.400000 2.100000 0.000000 0.982223 0.000718 0.017777 10.000000
5.400000 2.200000 0.000000 0.984330 0.000436 0.015670 10.000000
5.400000 2.300000 0.000000 0.986200 0.000417 0.013800 9.000000
5.400000 2.400000 0.000000 0.987570 0.000706 0.012430 10.000000
5.400000 2.500000 0.000000 0.989283 0.000705 0.010717 9.000000
5.400000 2.600000 0.000000 0.990085 0.000981 0.009915 10.000000
5.400000 2.700000 0.000000 0.990930 0.000428 0.009070 10.000000
5.400000 2.800000 0.000000 0.991642 0.000631 0.008358 10.000000
5.400000 2.900000 0.000000 0.992980 0.000517 0.007020 10.000000
5.400000 3.000000 0.000000 0.993500 0.000561 0.006500 8.000000
5.400000 3.100000 0.000000 0.994285 0.000438 0.005715 10.000000
5.400000 3.200000 0.000000 0.994748 0.000397 0.005253 10.000000
5.400000 3.300000 0.000000 0.995063 0.000664 0.004938 10.000000
5.400000 3.400000 0.000000 0.995777 0.000492 0.004222 10.000000
5.400000 3.500000 0.000000 0.996106 0.000328 0.003894 9.000000
5.400000 3.600000 0.000000 0.996825 0.000277 0.003175 10.000000
5.400000 3.700000 0.000000 0.996740 0.000388 0.003260 10.000000
5.400000 3.800000 0.000000 0.997107 0.000366 0.002893 10.000000
5.400000 3.900000 0.000000 0.997355 0.000389 0.002645 10.000000
5.400000 4.000000 0.000000 0.997537 0.000444 0.002463 10.000000
5.400000 4.100000 0.000000 0.997790 0.000246 0.002210 10.000000
5.400000 4.200000 0.000000 0.998065 0.000259 0.001935 10.000000
5.400000 4.300000 0.000000 0.998212 0.000275 0.001787 10.000000
5.400000 4.400000 0.000000 0.998117 0.000342 0.001883 10.000000
5.400000 4.500000 0.000000 0.998410 0.000210 0.001590 10.000000
5.400000 4.600000 0.000000 0.998537 0.000286 0.001463 10.000000
5.400000 4.700000 0.000000 0.998618 0.000292 0.001383 10.000000
5.400000 4.800000 0.000000 0.998800 0.000256 0.001200 10.000000
5.400000 4.900000 0.000000 0.998937 0.000201 0.001063 10.000000
5.400000 5.000000 0.000000 0.999202 0.000187 0.000798 10.000000
5.500000 0.000000 0.000000 0.400000 0.489898 0.600000 10.000000
5.500000 0.100000 0.000000 1.000000 0.000000 0.000000 10.000000
5.500000 0.200000 0.000000 0.821612 0.005856 0.178388 10.000000
5.500000 0.300000 0.000000 0.803172 0.003720 0.196827 10.000000
5.500000 0.400000 0.000000 0.815500 0.003834 0.184500 10.000000
5.500000 0.500000 0.000000 0.834817 0.003478 0.165182 10.000000
5.500000 0.600000 0.000000 0.863980 0.003554 0.136020 10.000000
5.500000 0.700000 0.000000 0.886387 0.002568 0.113613 10.000000
5.500000 0.800000 0.000000 0.906420 0.002830 0.093580 10.000000
5.500000 0.900000 0.000000 0.925528 0.002152 0.074472 10.000000
5.500000 1.000000 0.000000 0.939442 0.001735 0.060558 10.000000
5.500000 1.100000 0.000000 0.950132 0.001493 0.049868 10.000000
5.500000 1.200000 0.000000 0.958375 0.002001 0.041625 10.000000
5.500000 1.300000 0.000000 0.964848 0.001016 0.035153 10.000000
5.500000 1.400000 0.000000 0.971685 0.001246 0.028315 10.000000
5.500000 1.500000 0.000000 0.974727 0.001257 0.025272 10.000000
5.500000 1.600000 0.000000 0.979210 0.000872 0.020790 10.000000
5.500000 1.700000 0.000000 0.982538 0.001140 0.017462 10.000000
5.500000 1.800000 0.000000 0.984447 0.000569 0.015553 10.000000
5.500000 1.900000 0.000000 0.987060 0.000813 0.012940 10.000000
5.500000 2.000000 0.000000 0.988630 0.000908 0.011370 10.000000
5.500000 2.100000 0.000000 0.990237 0.000683 0.009763 10.000000
5.500000 2.200000 0.000000 0.991290 0.000497 0.008710 10.000000
5.500000 2.300000 0.000000 0.992627 0.000697 0.007372 10.000000
5.500000 2.400000 0.000000 0.993620 0.000539 0.006380 10.000000
5.500000 2.500000 0.000000 0.994115 0.000490 0.005885 10.000000
5.500000 2.600000 0.000000 0.995180 0.000482 0.004820 10.000000
5.500000 2.700000 0.000000 0.995632 0.000379 0.004367 10.000000
5.500000 2.800000 0.000000 0.996065 0.000340 0.003935 10.000000
5.500000 2.900000 0.000000 0.996502 0.000341 0.003497 10.000000
5.500000 3.000000 0.000000 0.996740 0.000360 0.003260 10.000000
5.500000 3.100000 0.000000 0.997527 0.000317 0.002472 10.000000
5.500000 3.200000 0.000000 0.997378 0.000250 0.002623 10.000000
5.500000 3.300000 0.000000 0.997783 0.000380 0.002217 10.000000
5.500000 3.400000 0.000000 0.997985 0.000398 0.002015 10.000000
5.500000 3.500000 0.000000 0.998290 0.000290 0.001710 10.000000
5.500000 3.600000 0.000000 0.998410 0.000234 0.001590 10.000000
5.500000 3.700000 0.000000 0.998610 0.000248 0.001390 10.000000
5.500000 3.800000 0.000000 0.998823 0.000314 0.001178 10.000000
5.500000 3.900000 0.000000 0.998937 0.000306 0.001063 10.000000
5.500000 4.000000 0.000000 0.998900 0.000216 0.001100 10.000000
5.500000 4.100000 0.000000 0.999120 0.000128 0.000880 10.000000
5.500000 4.200000 0.000000 0.999147 0.000200 0.000853 10.000000
5.500000 4.300000 0.000000 0.999270 0.000284 0.000730 10.000000
5.500000 4.400000 0.000000 0.999273 0.000194 0.000728 10.000000
5.500000 4.500000 0.000000 0.999508 0.000228 0.000493 10.000000
5.500000 4.600000 0.000000 0.999485 0.000144 0.000515 10.000000
5.500000 4.700000 0.000000 0.999502 0.000244 0.000498 10.000000
5.500000 4.800000 0.000000 0.999440 0.000191 0.000560 10.000000
5.500000 4.900000 0.000000 0.999510 0.000229 0.000490 10.000000
5.500000 5.000000 0.000000 0.999653 0.000104 0.000348 10.000000
5.600000 0.000000 0.000000 0.470050 0.477622 0.529950 10.000000
5.600000 0.100000 0.000000 1.000000 0.000000 0.000000 8.000000
5.600000 0.200000 0.000000 0.861108 0.004363 0.138892 9.000000
5.600000 0.300000 0.000000 0.833510 0.005013 0.166490 10.000000
5.600000 0.400000 0.000000 0.844843 0.003602 0.155158 10.000000
5.600000 0.500000 0.000000 0.869173 0.003100 0.130828 10.000000
5.600000 0.600000 0.000000 0.894605 0.002069 0.105395 10.000000
5.600000 0.700000 0.000000 0.916970 0.003000 0.083030 10.000000
5.600000 0.800000 0.000000 0.933333 0.001676 0.066668 10.000000
5.600000 0.900000 0.000000 0.947885 0.002659 0.052115 10.000000
5.600000 1.000000 0.000000 0.958732 0.001455 0.041267 10.000000
5.600000 1.100000 0.000000 0.966095 0.001732 0.033905 10.000000
5.600000 1.200000 0.000000 0.972873 0.001183 0.027127 10.000000
5.600000 1.300000 0.000000 0.977910 0.001018 0.022090 10.000000
5.600000 1.400000 0.000000 0.981733 0.000589 0.018267 10.000000
5.600000 1.500000 0.000000 0.985267 0.000703 0.014732 10.000000
5.600000 1.600000 0.000000 0.987368 0.000850 0.012633 10.000000
5.600000 1.700000 0.000000 0.989378 0.000592 0.010623 10.000000
5.600000 1.800000 0.000000 0.991318 0.000437 0.008682 10.000000
5.600000 1.900000 0.000000 0.992172 0.000717 0.007827 10.000000
5.600000 2.000000 0.000000 0.993587 0.000544 0.006412 10.000000
5.600000 2.100000 0.000000 0.994443 0.000555 0.005558 10.000000
5.600000 2.200000 0.000000 0.995190 0.000394 0.004810 10.000000
5.600000 2.300000 0.000000 0.995847 0.000319 0.004152 10.000000
5.600000 2.400000 0.000000 0.996410 0.000360 0.003590 10.000000
5.600000 2.500000 0.000000 0.996967 0.000293 0.003033 10.000000
5.600000 2.600000 0.000000 0.997486 0.000303 0.002514 9.000000
5.600000 2.700000 0.000000 0.997668 0.000213 0.002333 10.000000
5.600000 2.800000 0.000000 0.997920 0.000261 0.002080 10.000000
5.600000 2.900000 0.000000 0.998125 0.000404 0.001875 10.000000
5.600000 3.000000 0.000000 0.998472 0.000259 0.001527 10.000000
5.600000 3.100000 0.000000 0.998620 0.000233 0.001380 10.000000
5.600000 3.200000 0.000000 0.998713 0.000207 0.001287 10.000000
5.600000 3.300000 0.000000 0.998953 0.000281 0.001048 10.000000
5.600000 3.400000 0.000000 0.998960 0.000201 0.001040 10.000000
5.600000 3.500000 0.000000 0.999194 0.000237 0.000806 9.000000
5.600000 3.600000 0.000000 0.999325 0.000303 0.000675 10.000000
5.600000 3.700000 0.000000 0.999350 0.000230 0.000650 10.000000
5.600000 3.800000 0.000000 0.999500 0.000165 0.000500 10.000000
5.600000 3.900000 0.000000 0.999507 0.000139 0.000492 10.000000
5.600000 4.000000 0.000000 0.999460 0.000181 0.000540 10.000000
5.600000 4.100000 0.000000 0.999564 0.000128 0.000436 9.000000
5.600000 4.200000 0.000000 0.999672 0.000124 0.000327 10.000000
5.600000 4.300000 0.000000 0.999535 0.000198 0.000465 10.000000
5.600000 4.400000 0.000000 0.999680 0.000124 0.000320 10.000000
5.600000 4.500000 0.000000 0.999635 0.000112 0.000365 10.000000
5.600000 4.600000 0.000000 0.999732 0.000123 0.000267 10.000000
5.600000 4.700000 0.000000 0.999742 0.000116 0.000258 10.000000
5.600000 4.800000 0.000000 0.999783 0.000129 0.000217 10.000000
5.600000 4.900000 0.000000 0.999790 0.000079 0.000210 10.000000
5.600000 5.000000 0.000000 0.999725 0.000152 0.000275 10.000000
5.700000 0.000000 0.000000 0.324103 0.448070 0.675897 10.000000
5.700000 0.100000 0.000000 1.000000 0.000000 0.000000 10.000000
5.700000 0.200000 0.000000 0.899977 0.007287 0.100022 10.000000
5.700000 0.300000 0.000000 0.857538 0.005186 0.142463 10.000000
5.700000 0.400000 0.000000 0.868538 0.004429 0.131462 10.000000
5.700000 0.500000 0.000000 0.894770 0.002150 0.105230 10.000000
5.700000 0.600000 0.000000 0.918430 0.002875 0.081570 10.000000
5.700000 0.700000 0.000000 0.937260 0.001786 0.062740 10.000000
5.700000 0.800000 0.000000 0.951710 0.001419 0.048290 10.000000
5.700000 0.900000 0.000000 0.963395 0.002229 0.036605 10.000000
5.700000 1.000000 0.000000 0.970713 0.001635 0.029288 10.000000
5.700000 1.100000 0.000000 0.977385 0.001070 0.022615 10.000000
5.700000 1.200000 0.000000 0.981792 0.000980 0.018208 9.000000
5.700000 1.300000 0.000000 0.984992 0.000791 0.015007 10.000000
5.700000 1.400000 0.000000 0.988235 0.000756 0.011765 10.000000
5.700000 1.500000 0.000000 0.990547 0.000621 0.009452 10.000000
5.700000 1.600000 0.000000 0.992005 0.000544 0.007995 10.000000
5.700000 1.700000 0.000000 0.993215 0.000775 0.006785 10.000000
5.700000 1.800000 0.000000 0.994732 0.000368 0.005267 10.000000
5.700000 1.900000 0.000000 0.995267 0.000578 0.004732 10.000000
5.700000 2.000000 0.000000 0.996003 0.000611 0.003997 10.000000
5.700000 2.100000 0.000000 0.996520 0.000352 0.003480 10.000000
5.700000 2.200000 0.000000 0.997092 0.000354 0.002907 10.000000
5.700000 2.300000 0.000000 0.997408 0.000261 0.002593 10.000000
5.700000 2.400000 0.000000 0.997948 0.000344 0.002052 10.000000
5.700000 2.500000 0.000000 0.998130 0.000135 0.001870 10.000000
5.700000 2.600000 0.000000 0.998520 0.000203 0.001480 10.000000
5.700000 2.700000 0.000000 0.998550 0.000224 0.001450 10.000000
5.700000 2.800000 0.000000 0.998870 0.000276 0.001130 10.000000
5.700000 2.900000 0.000000 0.999108 0.000301 0.000893 10.000000
5.700000 3.000000 0.000000 0.999195 0.000249 0.000805 10.000000
5.700000 3.100000 0.000000 0.999205 0.000158 0.000795 10.000000
5.700000 3.200000 0.000000 0.999202 0.000264 0.000797 10.000000
5.700000 3.300000 0.000000 0.999443 0.000180 0.000557 10.000000
5.700000 3.400000 0.000000 0.999592 0.000195 0.000407 10.000000
5.700000 3.500000 0.000000 0.999578 0.000190 0.000423 10.000000
5.700000 3.600000 0.000000 0.999535 0.000160 0.000465 10.000000
5.700000 3.700000 0.000000 0.999763 0.000092 0.000238 10.000000
5.700000 3.800000 0.000000 0.999660 0.000122 0.000340 10.000000
5.700000 3.900000 0.000000 0.999620 0.000148 0.000380 10.000000
5.700000 4.000000 0.000000 0.999757 0.000110 0.000242 10.000000
5.700000 4.100000 0.000000 0.999755 0.000086 0.000245 10.000000
5.700000 4.200000 0.000000 0.999781 0.000087 0.000219 9.000000
5.700000 4.300000 0.000000 0.999748 0.000078 0.000253 10.000000
5.700000 4.400000 0.000000 0.999720 0.000142 0.000280 10.000000
5.700000 4.500000 0.000000 0.999772 0.000080 0.000228 10.000000
5.700000 4.600000 0.000000 0.999800 0.000058 0.000200 10.000000
5.700000 4.700000 0.000000 0.999767 0.000093 0.000232 10.000000
5.700000 4.800000 0.000000 0.999789 0.000096 0.000211 9.000000
5.700000 4.900000 0.000000 0.999795 0.000089 0.000205 10.000000
5.700000 5.000000 0.000000 0.999850 0.000047 0.000150 10.000000
5.800000 0.000000 0.000000 0.617042 0.468207 0.382957 10.000000
5.800000 0.100000 0.000000 1.000000 0.000000 0.000000 10.000000
5.800000 0.200000 0.000000 0.942223 0.004254 0.057778 10.000000
5.800000 0.300000 0.000000 0.888197 0.003119 0.111802 10.000000
5.800000 0.400000 0.000000 0.896795 0.002907 0.103205 10.000000
5.800000 0.500000 0.000000 0.917860 0.001549 0.082140 10.000000
5.800000 0.600000 0.000000 0.938182 0.002124 0.061817 10.000000
5.800000 0.700000 0.000000 0.953507 0.002284 0.046493 10.000000
5.800000 0.800000 0.000000 0.964610 0.001258 0.035390 10.000000
5.800000 0.900000 0.000000 0.972970 0.001292 0.027030 10.000000
5.800000 1.000000 0.000000 0.980073 0.000960 0.019928 10.000000
5.800000 1.100000 0.000000 0.984298 0.000957 0.015702 10.000000
5.800000 1.200000 0.000000 0.987485 0.000571 0.012515 10.000000
5.800000 1.300000 0.000000 0.990282 0.000775 0.009718 10.000000
5.800000 1.400000 0.000000 0.992100 0.000295 0.007900 10.000000
5.800000 1.500000 0.000000 0.993445 0.000624 0.006555 10.000000
5.800000 1.600000 0.000000 0.994844 0.000558 0.005156 9.000000
5.800000 1.700000 0.000000 0.995875 0.000596 0.004125 9.000000
5.800000 1.800000 0.000000 0.996702 0.000363 0.003298 10.000000
5.800000 1.900000 0.000000 0.996940 0.000362 0.003060 10.000000
5.800000 2.000000 0.000000 0.997570 0.000209 0.002430 10.000000
5.800000 2.100000 0.000000 0.997915 0.000232 0.002085 10.000000
5.800000 2.200000 0.000000 0.998203 0.000273 0.001797 9.000000
5.800000 2.300000 0.000000 0.998578 0.000256 0.001422 10.000000
5.800000 2.400000 0.000000 0.998892 0.000293 0.001107 10.000000
5.800000 2.500000 0.000000 0.999023 0.000243 0.000977 10.000000
5.800000 2.600000 0.000000 0.999150 0.000190 0.000850 10.000000
5.800000 2.700000 0.000000 0.999408 0.000197 0.000592 10.000000
5.800000 2.800000 0.000000 0.999348 0.000165 0.000652 10.000000
5.800000 2.900000 0.000000 0.999452 0.000199 0.000548 10.000000
5.800000 3.000000 0.000000 0.999530 0.000186 0.000470 10.000000
5.800000 3.100000 0.000000 0.999590 0.000226 0.000410 10.000000
5.800000 3.200000 0.000000 0.999675 0.000108 0.000325 10.000000
5.800000 3.300000 0.000000 0.999653 0.000180 0.000348 10.000000
5.800000 3.400000 0.000000 0.999730 0.000125 0.000270 10.000000
5.800000 3.500000 0.000000 0.999680 0.000128 0.000320 10.000000
5.800000 3.600000 0.000000 0.999723 0.000132 0.000278 10.000000
5.800000 3.700000 0.000000 0.999745 0.000121 0.000255 10.000000
5.800000 3.800000 0.000000 0.999775 0.000083 0.000225 10.000000
5.800000 3.900000 0.000000 0.999737 0.000094 0.000263 10.000000
5.800000 4.000000 0.000000 0.999740 0.000127 0.000260 10.000000
5.800000 4.100000 0.000000 0.999790 0.000063 0.000210 10.000000
5.800000 4.200000 0.000000 0.999815 0.000076 0.000185 10.000000
5.800000 4.300000 0.000000 0.999810 0.000051 0.000190 10.000000
5.800000 4.400000 0.000000 0.999823 0.000063 0.000177 10.000000
5.800000 4.500000 0.000000 0.999855 0.000059 0.000145 10.000000
5.800000 4.600000 0.000000 0.999818 0.000075 0.000182 10.000000
5.800000 4.700000 0.000000 0.999783 0.000120 0.000217 10.000000
5.800000 4.800000 0.000000 0.999830 0.000046 0.000170 10.000000
5.800000 4.900000 0.000000 0.999845 0.000058 0.000155 10.000000
5.800000 5.000000 0.000000 0.999812 0.000070 0.000188 10.000000
5.900000 0.000000 0.000000 0.500000 0.500000 0.500000 10.000000
5.900000 0.100000 0.000000 1.000000 0.000000 0.000000 10.000000
5.900000 0.200000 0.000000 1.000000 0.000000 0.000000 10.000000
5.900000 0.300000 0.000000 0.915205 0.003725 0.084795 10.000000
5.900000 0.400000 0.000000 0.918083 0.001805 0.081918 10.000000
5.900000 0.500000 0.000000 0.937285 0.001906 0.062715 10.000000
5.900000 0.600000 0.000000 0.953288 0.002430 0.046713 10.000000
5.900000 0.700000 0.000000 0.964300 0.001387 0.035700 10.000000
5.900000 0.800000 0.000000 0.973757 0.001641 0.026243 10.000000
5.900000 0.900000 0.000000 0.980237 0.000935 0.019763 10.000000
5.900000 1.000000 0.000000 0.985270 0.000746 0.014730 10.000000
5.900000 1.100000 0.000000 0.988810 0.000512 0.011190 10.000000
5.900000 1.200000 0.000000 0.990888 0.000701 0.009112 10.000000
5.900000 1.300000 0.000000 0.992890 0.000268 0.007110 10.000000
5.900000 1.400000 0.000000 0.994188 0.000556 0.005812 10.000000
5.900000 1.500000 0.000000 0.995692 0.000495 0.004308 10.000000
5.900000 1.600000 0.000000 0.996460 0.000399 0.003540 10.000000
5.900000 1.700000 0.000000 0.997120 0.000274 0.002880 10.000000
5.900000 1.800000 0.000000 0.997650 0.000427 0.002350 10.000000
5.900000 1.900000 0.000000 0.998012 0.000231 0.001988 10.000000
5.900000 2.000000 0.000000 0.998457 0.000270 0.001543 10.000000
5.900000 2.100000 0.000000 0.998670 0.000250 0.001330 10.000000
5.900000 2.200000 0.000000 0.998969 0.000194 0.001031 9.000000
5.900000 2.300000 0.000000 0.998962 0.000205 0.001038 10.000000
5.900000 2.400000 0.000000 0.999220 0.000175 0.000780 10.000000
5.900000 2.500000 0.000000 0.999440 0.000142 0.000560 10.000000
5.900000 2.600000 0.000000 0.999543 0.000210 0.000458 10.000000
5.900000 2.700000 0.000000 0.999560 0.000154 0.000440 10.000000
5.900000 2.800000 0.000000 0.999520 0.000131 0.000480 10.000000
5.900000 2.900000 0.000000 0.999665 0.000144 0.000335 10.000000
5.900000 3.000000 0.000000 0.999685 0.000107 0.000315 10.000000
5.900000 3.100000 0.000000 0.999780 0.000091 0.000220 10.000000
5.900000 3.200000 0.000000 0.999778 0.000083 0.000222 10.000000
5.900000 3.300000 0.000000 0.999765 0.000123 0.000235 10.000000
5.900000 3.400000 0.000000 0.999683 0.000103 0.000317 10.000000
5.900000 3.500000 0.000000 0.999720 0.000086 0.000280 10.000000
5.900000 3.600000 0.000000 0.999810 0.000064 0.000190 10.000000
5.900000 3.700000 0.000000 0.999793 0.000068 0.000207 10.000000
5.900000 3.800000 0.000000 0.999818 0.000047 0.000183 10.000000
5.900000 3.900000 0.000000 0.999832 0.000049 0.000167 10.000000
5.900000 4.000000 0.000000 0.999847 0.000033 0.000152 10.000000
5.900000 4.100000 0.000000 0.999807 0.000068 0.000193 10.000000
5.900000 4.200000 0.000000 0.999828 0.000057 0.000172 10.000000
5.900000 4.300000 0.000000 0.999837 0.000074 0.000162 10.000000
5.900000 4.400000 0.000000 0.999830 0.000059 0.000170 10.000000
5.900000 4.500000 0.000000 0.999842 0.000023 0.000158 10.000000
5.900000 4.600000 0.000000 0.999835 0.000042 0.000165 10.000000
5.900000 4.700000 0.000000 0.999819 0.000057 0.000181 9.000000
5.900000 4.800000 0.000000 0.999812 0.000085 0.000188 10.000000
5.900000 4.900000 0.000000 0.999848 0.000054 0.000152 10.000000
5.900000 5.000000 0.000000 0.999825 0.000059 0.000175 10.000000
6.000000 0.000000 0.000000 0.567387 0.468203 0.432613 10.000000
6.000000 0.100000 0.000000 1.000000 0.000000 0.000000 10.000000
6.000000 0.200000 0.000000 1.000000 0.000000 0.000000 10.000000
6.000000 0.300000 0.000000 0.939817 0.003292 0.060183 10.000000
6.000000 0.400000 0.000000 0.939980 0.001636 0.060020 10.000000
6.000000 0.500000 0.000000 0.951190 0.001001 0.048810 10.000000
6.000000 0.600000 0.000000 0.962610 0.001865 0.037390 10.000000
6.000000 0.700000 0.000000 0.972537 0.000636 0.027463 10.000000
6.000000 0.800000 0.000000 0.980327 0.000738 0.019673 10.000000
6.000000 0.900000 0.000000 0.985630 0.000840 0.014370 10.000000
6.000000 1.000000 0.000000 0.989319 0.000803 0.010681 9.000000
6.000000 1.100000 0.000000 0.991822 0.000603 0.008178 10.000000
6.000000 1.200000 0.000000 0.993557 0.000313 0.006442 10.000000
6.000000 1.300000 0.000000 0.994913 0.000447 0.005088 10.000000
6.000000 1.400000 0.000000 0.996103 0.000380 0.003897 10.000000
6.000000 1.500000 0.000000 0.996975 0.000331 0.003025 10.000000
6.000000 1.600000 0.000000 0.997413 0.000193 0.002588 10.000000
6.000000 1.700000 0.000000 0.998003 0.000334 0.001997 10.000000
6.000000 1.800000 0.000000 0.998333 0.000405 0.001667 10.000000
6.000000 1.900000 0.000000 0.998717 0.000160 0.001283 10.000000
6.000000 2.000000 0.000000 0.998922 0.000329 0.001077 10.000000
6.000000 2.100000 0.000000 0.999258 0.000183 0.000743 10.000000
6.000000 2.200000 0.000000 0.999233 0.000149 0.000768 10.000000
6.000000 2.300000 0.000000 0.999530 0.000201 0.000470 10.000000
6.000000 2.400000 0.000000 0.999437 0.000166 0.000563 10.000000
6.000000 2.500000 0.000000 0.999568 0.000117 0.000432 10.000000
6.000000 2.600000 0.000000 0.999682 0.000152 0.000317 10.000000
6.000000 2.700000 0.000000 0.999652 0.000110 0.000348 10.000000
6.000000 2.800000 0.000000 0.999735 0.000100 0.000265 10.000000
6.000000 2.900000 0.000000 0.999748 0.000098 0.000253 10.000000
6.000000 3.000000 0.000000 0.999813 0.000072 0.000188 10.000000
6.000000 3.100000 0.000000 0.999798 0.000073 0.000202 10.000000
6.000000 3.200000 0.000000 0.999780 0.000071 0.000220 10.000000
6.000000 3.300000 0.000000 0.999830 0.000065 0.000170 10.000000
6.000000 3.400000 0.000000 0.999783 0.000094 0.000217 10.000000
6.000000 3.500000 0.000000 0.999837 0.000056 0.000162 10.000000
6.000000 3.600000 0.000000 0.999822 0.000052 0.000177 10.000000
6.000000 3.700000 0.000000 0.999848 0.000031 0.000152 10.000000
6.000000 3.800000 0.000000 0.999855 0.000022 0.000145 10.000000
6.000000 3.900000 0.000000 0.999822 0.000052 0.000178 10.000000
6.000000 4.000000 0.000000 0.999815 0.000059 0.000185 10.000000
6.000000 4.100000 0.000000 0.999853 0.000031 0.000147 10.000000
6.000000 4.200000 0.000000 0.999805 0.000072 0.000195 10.000000
6.000000 4.300000 0.000000 0.999810 0.000062 0.000190 10.000000
6.000000 4.400000 0.000000 0.999812 0.000060 0.000188 10.000000
6.000000 4.500000 0.000000 0.999793 0.000066 0.000208 10.000000
6.000000 4.600000 0.000000 0.999865 0.000025 0.000135 10.000000
6.000000 4.700000 0.000000 0.999835 0.000082 0.000165 10.000000
6.000000 4.800000 0.000000 0.999822 0.000078 0.000178 10.000000
6.000000 4.900000 0.000000 0.999813 0.000066 0.000188 10.000000
6.000000 5.000000 0.000000 0.999818 0.000078 0.000183 10.000000
