1.000 1.00000000	 0.00000000 0.00000000 0.00000000 0.00000000 15.00000000
1.010 1.00000000	 0.00000000 0.00000000 0.00000000 0.00000000 13.00000000
1.020 1.00000000	 0.00000000 0.00000000 0.00000000 0.00000000 13.00000000
1.030 1.00000000	 0.00000000 0.00000000 0.00000000 0.00000000 13.00000000
1.040 1.00000000	 0.00000000 0.00000000 0.00000000 0.00000000 13.00000000
1.050 1.00000000	 0.00000000 0.00000000 0.00000000 0.00000000 15.00000000
1.060 1.00000000	 0.00000000 0.00000000 0.00000000 0.00000000 15.00000000
1.070 1.00000000	 0.00000000 0.00000000 0.00000000 0.00000000 15.00000000
1.080 1.00000000	 0.00000000 0.00000000 0.00000000 0.00000000 15.00000000
1.090 1.00000000	 0.00000000 0.00000000 0.00000000 0.00000000 15.00000000
1.100 0.99797778	 0.00202222 0.00000000 0.00000000 0.00000000 18.00000000
1.110 0.99330167	 0.00669833 0.00000000 0.00000000 0.00000000 15.00000000
1.120 0.98331167	 0.01668833 0.00000000 0.00000000 0.00000000 15.00000000
1.130 0.95500268	 0.04499732 0.00000000 0.00000000 0.00000000 14.00000000
1.140 0.88896917	 0.11103083 0.00000000 0.00000000 0.00000000 15.00000000
1.150 0.80704286	 0.19295714 0.00000000 0.00000000 0.00000000 14.00000000
1.160 0.73765083	 0.26234917 0.00000000 0.00000000 0.00000000 15.00000000
1.170 0.68503125	 0.31496875 0.00000000 0.00000000 0.00000000 14.00000000
1.180 0.64197083	 0.35802917 0.00000000 0.00000000 0.00000000 15.00000000
1.190 0.60788661	 0.39211339 0.00000000 0.00000000 0.00000000 14.00000000
1.200 0.58043456	 0.41956544 0.00000000 0.00000000 0.00000000 17.00000000
1.210 0.55881607	 0.44118393 0.00000000 0.00000000 0.00000000 14.00000000
1.220 0.53854167	 0.46145833 0.00000000 0.00000000 0.00000000 15.00000000
1.230 0.52281786	 0.47718214 0.00000000 0.00000000 0.00000000 14.00000000
1.240 0.51036333	 0.48963667 0.00000000 0.00000000 0.00000000 15.00000000
1.250 0.49907946	 0.50092054 0.00000000 0.00000000 0.00000000 14.00000000
1.260 0.48995417	 0.51004583 0.00000000 0.00000000 0.00000000 15.00000000
1.270 0.47706786	 0.52293214 0.00000000 0.00000000 0.00000000 14.00000000
1.280 0.46694167	 0.53305833 0.00000000 0.00000000 0.00000000 15.00000000
1.290 0.44815268	 0.55184732 0.00000000 0.00000000 0.00000000 14.00000000
1.300 0.42522426	 0.57477574 0.00000000 0.00000000 0.00000000 17.00000000
1.310 0.39140179	 0.60859821 0.00000000 0.00000000 0.00000000 14.00000000
1.320 0.34257750	 0.65742250 0.00000000 0.00000000 0.00000000 15.00000000
1.330 0.28896429	 0.71103571 0.00000000 0.00000000 0.00000000 14.00000000
1.340 0.22713833	 0.77286167 0.00000000 0.00000000 0.00000000 15.00000000
1.350 0.15587678	 0.84412322 0.00000000 0.00000000 0.00000000 14.00000000
1.355 0.10918625	 0.89081375 0.00000000 0.00000000 0.00000000 10.00000000
1.356 0.09533500	 0.90466500 0.00000000 0.00000000 0.00000000 10.00000000
1.357 0.07872000	 0.92128000 0.00000000 0.00000000 0.00000000 10.00000000
1.358 0.03601000	 0.96399000 0.00000000 0.00000000 0.00000000 10.00000000
1.360 0.00000000	 1.00000000 0.00000000 0.00000000 0.00000000 15.00000000
1.370 0.00000000	 1.00000000 0.00000000 0.00000000 0.00000000 14.00000000
1.380 0.00000000	 1.00000000 0.00000000 0.00000000 0.00000000 14.00000000
1.390 0.00000000	 1.00000000 0.00000000 0.00000000 0.00000000 13.00000000
1.400 0.00000000	 1.00000000 0.00000000 0.00000000 0.00000000 16.00000000
1.410 0.00000000	 1.00000000 0.00000000 0.00000000 0.00000000 11.00000000
1.420 0.00000000	 1.00000000 0.00000000 0.00000000 0.00000000 12.00000000
1.430 0.00000000	 1.00000000 0.00000000 0.00000000 0.00000000 11.00000000
1.440 0.00000000	 1.00000000 0.00000000 0.00000000 0.00000000 12.00000000
1.450 0.00000000	 1.00000000 0.00000000 0.00000000 0.00000000 11.00000000
1.460 0.00000000	 1.00000000 0.00000000 0.00000000 0.00000000 12.00000000
1.470 0.00000000	 1.00000000 0.00000000 0.00000000 0.00000000 11.00000000
1.480 0.00000000	 1.00000000 0.00000000 0.00000000 0.00000000 12.00000000
1.490 0.00000000	 1.00000000 0.00000000 0.00000000 0.00000000 11.00000000
1.500 0.00000000	 1.00000000 0.00000000 0.00000000 0.00000000 14.00000000
1.510 0.00000000	 1.00000000 0.00000000 0.00000000 0.00000000 11.00000000
1.520 0.00000000	 1.00000000 0.00000000 0.00000000 0.00000000 11.00000000
1.530 0.00000000	 1.00000000 0.00000000 0.00000000 0.00000000 11.00000000
1.540 0.00000000	 1.00000000 0.00000000 0.00000000 0.00000000 11.00000000
1.550 0.00000000	 1.00000000 0.00000000 0.00000000 0.00000000 11.00000000
1.560 0.00000000	 1.00000000 0.00000000 0.00000000 0.00000000 11.00000000
1.570 0.00000000	 1.00000000 0.00000000 0.00000000 0.00000000 11.00000000
1.580 0.00000000	 1.00000000 0.00000000 0.00000000 0.00000000 11.00000000
1.590 0.00000000	 1.00000000 0.00000000 0.00000000 0.00000000 11.00000000
1.600 0.00000000	 1.00000000 0.00000000 0.00000000 0.00000000 13.00000000
1.610 0.00000000	 1.00000000 0.00000000 0.00000000 0.00000000 11.00000000
1.620 0.00000000	 1.00000000 0.00000000 0.00000000 0.00000000 11.00000000
1.630 0.00000000	 1.00000000 0.00000000 0.00000000 0.00000000 11.00000000
1.640 0.00000000	 1.00000000 0.00000000 0.00000000 0.00000000 11.00000000
1.650 0.00000000	 1.00000000 0.00000000 0.00000000 0.00000000 11.00000000
1.660 0.00000000	 1.00000000 0.00000000 0.00000000 0.00000000 11.00000000
1.670 0.00000000	 1.00000000 0.00000000 0.00000000 0.00000000 11.00000000
1.680 0.00000000	 1.00000000 0.00000000 0.00000000 0.00000000 11.00000000
1.690 0.00000000	 1.00000000 0.00000000 0.00000000 0.00000000 11.00000000
1.700 0.00000000	 1.00000000 0.00000000 0.00000000 0.00000000 13.00000000
1.710 0.00000000	 1.00000000 0.00000000 0.00000000 0.00000000 11.00000000
1.720 0.00000000	 1.00000000 0.00000000 0.00000000 0.00000000 11.00000000
1.730 0.00000000	 1.00000000 0.00000000 0.00000000 0.00000000 11.00000000
1.740 0.00000000	 1.00000000 0.00000000 0.00000000 0.00000000 11.00000000
1.750 0.00000000	 1.00000000 0.00000000 0.00000000 0.00000000 11.00000000
1.760 0.00000000	 1.00000000 0.00000000 0.00000000 0.00000000 11.00000000
1.770 0.00000000	 1.00000000 0.00000000 0.00000000 0.00000000 11.00000000
1.780 0.00000000	 1.00000000 0.00000000 0.00000000 0.00000000 11.00000000
1.790 0.00000000	 1.00000000 0.00000000 0.00000000 0.00000000 11.00000000
1.800 0.00000000	 1.00000000 0.00000000 0.00000000 0.00000000 13.00000000
1.810 0.00000000	 1.00000000 0.00000000 0.00000000 0.00000000 11.00000000
1.820 0.00000000	 1.00000000 0.00000000 0.00000000 0.00000000 11.00000000
1.830 0.00000000	 1.00000000 0.00000000 0.00000000 0.00000000 11.00000000
1.840 0.00000000	 1.00000000 0.00000000 0.00000000 0.00000000 11.00000000
1.850 0.00000000	 1.00000000 0.00000000 0.00000000 0.00000000 11.00000000
1.860 0.00000000	 1.00000000 0.00000000 0.00000000 0.00000000 11.00000000
1.870 0.00000000	 1.00000000 0.00000000 0.00000000 0.00000000 11.00000000
1.880 0.00000000	 1.00000000 0.00000000 0.00000000 0.00000000 11.00000000
1.890 0.00000000	 1.00000000 0.00000000 0.00000000 0.00000000 11.00000000
1.900 0.00000000	 1.00000000 0.00000000 0.00000000 0.00000000 13.00000000
1.910 0.00000000	 1.00000000 0.00000000 0.00000000 0.00000000 11.00000000
1.920 0.00000000	 1.00000000 0.00000000 0.00000000 0.00000000 11.00000000
1.930 0.00000000	 1.00000000 0.00000000 0.00000000 0.00000000 11.00000000
1.940 0.00000000	 1.00000000 0.00000000 0.00000000 0.00000000 11.00000000
1.950 0.00000000	 1.00000000 0.00000000 0.00000000 0.00000000 11.00000000
1.960 0.00000000	 1.00000000 0.00000000 0.00000000 0.00000000 11.00000000
1.970 0.00000000	 1.00000000 0.00000000 0.00000000 0.00000000 11.00000000
1.980 0.00000000	 1.00000000 0.00000000 0.00000000 0.00000000 11.00000000
1.990 0.00000000	 1.00000000 0.00000000 0.00000000 0.00000000 11.00000000
2.000 0.00000000	 1.00000000 0.00000000 0.00000000 0.00000000 13.00000000
