0.000 0.00000000	 1.00000000 0.00000000 0.00000000 0.00000000 1.00000000
0.050 0.00000000	 1.00000000 0.00000000 0.00000000 0.00000000 1.00000000
0.100 0.00000000	 1.00000000 0.00000000 0.00000000 0.00000000 1.00000000
0.150 0.00000000	 1.00000000 0.00000000 0.00000000 0.00000000 1.00000000
0.200 0.00000000	 1.00000000 0.00000000 0.00000000 0.00000000 1.00000000
0.250 0.00000000	 1.00000000 0.00000000 0.00000000 0.00000000 1.00000000
0.300 0.00000000	 1.00000000 0.00000000 0.00000000 0.00000000 1.00000000
0.350 0.00000000	 1.00000000 0.00000000 0.00000000 0.00000000 1.00000000
0.400 0.00000000	 1.00000000 0.00000000 0.00000000 0.00000000 1.00000000
0.450 0.00000000	 1.00000000 0.00000000 0.00000000 0.00000000 1.00000000
0.500 0.00000000	 1.00000000 0.00000000 0.00000000 0.00000000 1.00000000
0.550 0.00000000	 1.00000000 0.00000000 0.00000000 0.00000000 1.00000000
0.600 0.00000000	 1.00000000 0.00000000 0.00000000 0.00000000 1.00000000
0.650 0.00000000	 1.00000000 0.00000000 0.00000000 0.00000000 18.00000000
0.651 0.00000000	 1.00000000 0.00000000 0.00000000 0.00000000 16.00000000
0.652 0.00000000	 1.00000000 0.00000000 0.00000000 0.00000000 16.00000000
0.653 0.10538282	 0.89461718 0.00000000 0.00000000 0.00000000 16.00000000
0.654 0.17116744	 0.82883256 0.00000000 0.00000000 0.00000000 16.00000000
0.655 0.22387019	 0.77612981 0.00000000 0.00000000 0.00000000 16.00000000
0.656 0.25865493	 0.74134507 0.00000000 0.00000000 0.00000000 16.00000000
0.657 0.29365293	 0.70634707 0.00000000 0.00000000 0.00000000 16.00000000
0.658 0.31765476	 0.68234523 0.00000000 0.00000000 0.00000000 16.00000000
0.659 0.34658548	 0.65341452 0.00000000 0.00000000 0.00000000 16.00000000
0.660 0.36981156	 0.63018844 0.00000000 0.00000000 0.00000000 17.00000000
0.661 0.39183291	 0.60816709 0.00000000 0.00000000 0.00000000 16.00000000
0.662 0.41324272	 0.58675728 0.00000000 0.00000000 0.00000000 16.00000000
0.663 0.43237608	 0.56762392 0.00000000 0.00000000 0.00000000 16.00000000
0.664 0.45352137	 0.54647863 0.00000000 0.00000000 0.00000000 16.00000000
0.665 0.46988103	 0.53011897 0.00000000 0.00000000 0.00000000 16.00000000
0.666 0.49128929	 0.50871071 0.00000000 0.00000000 0.00000000 16.00000000
0.667 0.51114682	 0.48885318 0.00000000 0.00000000 0.00000000 16.00000000
0.668 0.52958094	 0.47041906 0.00000000 0.00000000 0.00000000 16.00000000
0.669 0.54631590	 0.45368409 0.00000000 0.00000000 0.00000000 16.00000000
0.670 0.56592684	 0.43407316 0.00000000 0.00000000 0.00000000 17.00000000
0.671 0.58387284	 0.41612716 0.00000000 0.00000000 0.00000000 16.00000000
0.672 0.60364599	 0.39635401 0.00000000 0.00000000 0.00000000 16.00000000
0.673 0.62140944	 0.37859055 0.00000000 0.00000000 0.00000000 16.00000000
0.674 0.64027302	 0.35972698 0.00000000 0.00000000 0.00000000 16.00000000
0.675 0.65986839	 0.34013161 0.00000000 0.00000000 0.00000000 16.00000000
0.676 0.67765377	 0.32234623 0.00000000 0.00000000 0.00000000 16.00000000
0.677 0.69718275	 0.30281725 0.00000000 0.00000000 0.00000000 16.00000000
0.678 0.71583689	 0.28416311 0.00000000 0.00000000 0.00000000 16.00000000
0.679 0.73446244	 0.26553756 0.00000000 0.00000000 0.00000000 16.00000000
0.680 0.74950999	 0.25049001 0.00000000 0.00000000 0.00000000 17.00000000
0.681 0.76739950	 0.23260050 0.00000000 0.00000000 0.00000000 16.00000000
0.682 0.78174283	 0.21825717 0.00000000 0.00000000 0.00000000 16.00000000
0.683 0.79911523	 0.20088477 0.00000000 0.00000000 0.00000000 16.00000000
0.684 0.81351948	 0.18648052 0.00000000 0.00000000 0.00000000 16.00000000
0.685 0.82768638	 0.17231362 0.00000000 0.00000000 0.00000000 16.00000000
0.686 0.84196338	 0.15803662 0.00000000 0.00000000 0.00000000 16.00000000
0.687 0.85182327	 0.14817674 0.00000000 0.00000000 0.00000000 16.00000000
0.688 0.86423448	 0.13576552 0.00000000 0.00000000 0.00000000 16.00000000
0.689 0.87387312	 0.12612688 0.00000000 0.00000000 0.00000000 15.00000000
0.690 0.88436173	 0.11563827 0.00000000 0.00000000 0.00000000 16.00000000
0.691 0.89175268	 0.10824732 0.00000000 0.00000000 0.00000000 15.00000000
0.692 0.90029257	 0.09970743 0.00000000 0.00000000 0.00000000 15.00000000
0.693 0.90769999	 0.09230001 0.00000000 0.00000000 0.00000000 15.00000000
0.694 0.91483005	 0.08516995 0.00000000 0.00000000 0.00000000 15.00000000
0.695 0.92101899	 0.07898101 0.00000000 0.00000000 0.00000000 15.00000000
0.696 0.92740005	 0.07259995 0.00000000 0.00000000 0.00000000 15.00000000
0.697 0.93241462	 0.06758538 0.00000000 0.00000000 0.00000000 15.00000000
0.698 0.93705471	 0.06294529 0.00000000 0.00000000 0.00000000 15.00000000
0.699 0.94204281	 0.05795719 0.00000000 0.00000000 0.00000000 15.00000000
0.700 0.94556919	 0.05443081 0.00000000 0.00000000 0.00000000 17.00000000
0.701 0.94926943	 0.05073057 0.00000000 0.00000000 0.00000000 15.00000000
0.702 0.95271108	 0.04728892 0.00000000 0.00000000 0.00000000 15.00000000
0.703 0.95574599	 0.04425402 0.00000000 0.00000000 0.00000000 15.00000000
0.704 0.95861383	 0.04138617 0.00000000 0.00000000 0.00000000 15.00000000
0.705 0.96147841	 0.03852159 0.00000000 0.00000000 0.00000000 15.00000000
0.706 0.96389940	 0.03610060 0.00000000 0.00000000 0.00000000 15.00000000
0.707 0.96569413	 0.03430587 0.00000000 0.00000000 0.00000000 15.00000000
0.708 0.96764561	 0.03235438 0.00000000 0.00000000 0.00000000 15.00000000
0.709 0.96974662	 0.03025338 0.00000000 0.00000000 0.00000000 15.00000000
0.710 0.97167739	 0.02832261 0.00000000 0.00000000 0.00000000 16.00000000
0.711 0.97312003	 0.02687997 0.00000000 0.00000000 0.00000000 15.00000000
0.712 0.97476291	 0.02523709 0.00000000 0.00000000 0.00000000 15.00000000
0.713 0.97642503	 0.02357497 0.00000000 0.00000000 0.00000000 15.00000000
0.714 0.97735741	 0.02264259 0.00000000 0.00000000 0.00000000 15.00000000
0.715 0.97854458	 0.02145542 0.00000000 0.00000000 0.00000000 15.00000000
0.716 0.97991175	 0.02008825 0.00000000 0.00000000 0.00000000 15.00000000
0.717 0.98083927	 0.01916072 0.00000000 0.00000000 0.00000000 15.00000000
0.718 0.98214618	 0.01785382 0.00000000 0.00000000 0.00000000 15.00000000
0.719 0.98303589	 0.01696411 0.00000000 0.00000000 0.00000000 15.00000000
0.720 0.98370890	 0.01629110 0.00000000 0.00000000 0.00000000 16.00000000
0.721 0.98455748	 0.01544252 0.00000000 0.00000000 0.00000000 15.00000000
0.722 0.98532584	 0.01467416 0.00000000 0.00000000 0.00000000 15.00000000
0.723 0.98616417	 0.01383582 0.00000000 0.00000000 0.00000000 15.00000000
0.724 0.98669066	 0.01330934 0.00000000 0.00000000 0.00000000 15.00000000
0.725 0.98722032	 0.01277968 0.00000000 0.00000000 0.00000000 15.00000000
0.726 0.98800475	 0.01199525 0.00000000 0.00000000 0.00000000 15.00000000
0.727 0.98843315	 0.01156685 0.00000000 0.00000000 0.00000000 15.00000000
0.728 0.98934064	 0.01065936 0.00000000 0.00000000 0.00000000 15.00000000
0.729 0.98964600	 0.01035400 0.00000000 0.00000000 0.00000000 15.00000000
0.730 0.99009423	 0.00990577 0.00000000 0.00000000 0.00000000 16.00000000
0.731 0.99067567	 0.00932433 0.00000000 0.00000000 0.00000000 15.00000000
0.732 0.99107270	 0.00892730 0.00000000 0.00000000 0.00000000 15.00000000
0.733 0.99137973	 0.00862028 0.00000000 0.00000000 0.00000000 15.00000000
0.734 0.99167793	 0.00832207 0.00000000 0.00000000 0.00000000 15.00000000
0.735 0.99202114	 0.00797886 0.00000000 0.00000000 0.00000000 15.00000000
0.736 0.99252589	 0.00747411 0.00000000 0.00000000 0.00000000 15.00000000
0.737 0.99261112	 0.00738888 0.00000000 0.00000000 0.00000000 15.00000000
0.738 0.99307322	 0.00692677 0.00000000 0.00000000 0.00000000 15.00000000
0.739 0.99315926	 0.00684074 0.00000000 0.00000000 0.00000000 15.00000000
0.740 0.99365389	 0.00634611 0.00000000 0.00000000 0.00000000 16.00000000
0.741 0.99396219	 0.00603781 0.00000000 0.00000000 0.00000000 15.00000000
0.742 0.99409480	 0.00590520 0.00000000 0.00000000 0.00000000 15.00000000
0.743 0.99445649	 0.00554351 0.00000000 0.00000000 0.00000000 15.00000000
0.744 0.99465100	 0.00534900 0.00000000 0.00000000 0.00000000 15.00000000
0.745 0.99489695	 0.00510305 0.00000000 0.00000000 0.00000000 15.00000000
0.746 0.99527554	 0.00472446 0.00000000 0.00000000 0.00000000 15.00000000
0.747 0.99535267	 0.00464732 0.00000000 0.00000000 0.00000000 15.00000000
0.748 0.99555923	 0.00444077 0.00000000 0.00000000 0.00000000 15.00000000
0.749 0.99570872	 0.00429128 0.00000000 0.00000000 0.00000000 15.00000000
0.750 0.99595757	 0.00404243 0.00000000 0.00000000 0.00000000 17.00000000
0.751 0.99602382	 0.00397618 0.00000000 0.00000000 0.00000000 15.00000000
0.752 0.99629466	 0.00370534 0.00000000 0.00000000 0.00000000 15.00000000
0.753 0.99631151	 0.00368849 0.00000000 0.00000000 0.00000000 15.00000000
0.754 0.99657915	 0.00342085 0.00000000 0.00000000 0.00000000 15.00000000
0.755 0.99677375	 0.00322625 0.00000000 0.00000000 0.00000000 15.00000000
0.756 0.99690147	 0.00309852 0.00000000 0.00000000 0.00000000 15.00000000
0.757 0.99705907	 0.00294093 0.00000000 0.00000000 0.00000000 15.00000000
0.758 0.99716920	 0.00283080 0.00000000 0.00000000 0.00000000 15.00000000
0.759 0.99732266	 0.00267734 0.00000000 0.00000000 0.00000000 15.00000000
0.760 0.99741315	 0.00258685 0.00000000 0.00000000 0.00000000 16.00000000
0.761 0.99757024	 0.00242976 0.00000000 0.00000000 0.00000000 15.00000000
0.762 0.99748907	 0.00251093 0.00000000 0.00000000 0.00000000 15.00000000
0.763 0.99768517	 0.00231482 0.00000000 0.00000000 0.00000000 15.00000000
0.764 0.99783068	 0.00216932 0.00000000 0.00000000 0.00000000 15.00000000
0.765 0.99810473	 0.00189527 0.00000000 0.00000000 0.00000000 15.00000000
0.766 0.99813927	 0.00186073 0.00000000 0.00000000 0.00000000 15.00000000
0.767 0.99815051	 0.00184949 0.00000000 0.00000000 0.00000000 15.00000000
0.768 0.99840291	 0.00159709 0.00000000 0.00000000 0.00000000 15.00000000
0.769 0.99847447	 0.00152553 0.00000000 0.00000000 0.00000000 15.00000000
0.770 0.99864664	 0.00135336 0.00000000 0.00000000 0.00000000 16.00000000
0.771 0.99896474	 0.00103526 0.00000000 0.00000000 0.00000000 15.00000000
0.772 0.99865207	 0.00134793 0.00000000 0.00000000 0.00000000 15.00000000
0.773 0.99878150	 0.00121850 0.00000000 0.00000000 0.00000000 15.00000000
0.774 0.99901297	 0.00098703 0.00000000 0.00000000 0.00000000 15.00000000
0.775 0.99906759	 0.00093241 0.00000000 0.00000000 0.00000000 15.00000000
0.776 0.99915281	 0.00084718 0.00000000 0.00000000 0.00000000 15.00000000
0.777 0.99933125	 0.00066875 0.00000000 0.00000000 0.00000000 15.00000000
0.778 0.99945184	 0.00054816 0.00000000 0.00000000 0.00000000 15.00000000
0.779 0.99939796	 0.00060204 0.00000000 0.00000000 0.00000000 15.00000000
0.780 0.99950189	 0.00049811 0.00000000 0.00000000 0.00000000 16.00000000
0.781 0.99960618	 0.00039382 0.00000000 0.00000000 0.00000000 15.00000000
0.782 0.99971390	 0.00028610 0.00000000 0.00000000 0.00000000 15.00000000
0.783 0.99980472	 0.00019528 0.00000000 0.00000000 0.00000000 15.00000000
0.784 0.99989792	 0.00010208 0.00000000 0.00000000 0.00000000 15.00000000
0.785 0.99984088	 0.00015912 0.00000000 0.00000000 0.00000000 15.00000000
0.786 0.99985855	 0.00014145 0.00000000 0.00000000 0.00000000 15.00000000
0.787 0.99990195	 0.00009805 0.00000000 0.00000000 0.00000000 15.00000000
0.788 0.99996464	 0.00003536 0.00000000 0.00000000 0.00000000 15.00000000
0.789 0.99994296	 0.00005703 0.00000000 0.00000000 0.00000000 15.00000000
0.790 0.99999171	 0.00000829 0.00000000 0.00000000 0.00000000 16.00000000
0.800 1.00000000	 0.00000000 0.00000000 0.00000000 0.00000000 2.00000000
0.810 1.00000000	 0.00000000 0.00000000 0.00000000 0.00000000 1.00000000
0.820 1.00000000	 0.00000000 0.00000000 0.00000000 0.00000000 1.00000000
0.830 1.00000000	 0.00000000 0.00000000 0.00000000 0.00000000 1.00000000
0.840 1.00000000	 0.00000000 0.00000000 0.00000000 0.00000000 1.00000000
0.850 1.00000000	 0.00000000 0.00000000 0.00000000 0.00000000 2.00000000
0.860 1.00000000	 0.00000000 0.00000000 0.00000000 0.00000000 1.00000000
0.870 1.00000000	 0.00000000 0.00000000 0.00000000 0.00000000 1.00000000
0.880 1.00000000	 0.00000000 0.00000000 0.00000000 0.00000000 1.00000000
0.890 1.00000000	 0.00000000 0.00000000 0.00000000 0.00000000 1.00000000
0.900 1.00000000	 0.00000000 0.00000000 0.00000000 0.00000000 2.00000000
0.910 1.00000000	 0.00000000 0.00000000 0.00000000 0.00000000 1.00000000
0.920 1.00000000	 0.00000000 0.00000000 0.00000000 0.00000000 1.00000000
0.930 1.00000000	 0.00000000 0.00000000 0.00000000 0.00000000 1.00000000
0.940 1.00000000	 0.00000000 0.00000000 0.00000000 0.00000000 1.00000000
0.950 1.00000000	 0.00000000 0.00000000 0.00000000 0.00000000 2.00000000
0.960 1.00000000	 0.00000000 0.00000000 0.00000000 0.00000000 1.00000000
0.970 1.00000000	 0.00000000 0.00000000 0.00000000 0.00000000 1.00000000
0.980 1.00000000	 0.00000000 0.00000000 0.00000000 0.00000000 1.00000000
0.990 1.00000000	 0.00000000 0.00000000 0.00000000 0.00000000 1.00000000
1.000 1.00000000	 0.00000000 0.00000000 0.00000000 0.00000000 2.00000000
