0.000 0.00000000	 1.00000000 0.00000000 0.00000000 0.00000000 1.00000000
0.050 0.00000000	 1.00000000 0.00000000 0.00000000 0.00000000 1.00000000
0.100 0.00000000	 1.00000000 0.00000000 0.00000000 0.00000000 1.00000000
0.150 0.00000000	 1.00000000 0.00000000 0.00000000 0.00000000 1.00000000
0.200 0.00000000	 1.00000000 0.00000000 0.00000000 0.00000000 1.00000000
0.250 0.00000000	 1.00000000 0.00000000 0.00000000 0.00000000 1.00000000
0.300 0.00000000	 1.00000000 0.00000000 0.00000000 0.00000000 1.00000000
0.350 0.00000000	 1.00000000 0.00000000 0.00000000 0.00000000 1.00000000
0.400 0.00000000	 1.00000000 0.00000000 0.00000000 0.00000000 22.00000000
0.401 0.00000000	 1.00000000 0.00000000 0.00000000 0.00000000 10.00000000
0.402 0.00000000	 1.00000000 0.00000000 0.00000000 0.00000000 10.00000000
0.403 0.00000000	 1.00000000 0.00000000 0.00000000 0.00000000 10.00000000
0.404 0.00000000	 1.00000000 0.00000000 0.00000000 0.00000000 10.00000000
0.405 0.00000000	 1.00000000 0.00000000 0.00000000 0.00000000 10.00000000
0.406 0.00000000	 1.00000000 0.00000000 0.00000000 0.00000000 10.00000000
0.407 0.00000000	 1.00000000 0.00000000 0.00000000 0.00000000 10.00000000
0.408 0.00000000	 1.00000000 0.00000000 0.00000000 0.00000000 10.00000000
0.409 0.00000000	 1.00000000 0.00000000 0.00000000 0.00000000 10.00000000
0.410 0.00000000	 1.00000000 0.00000000 0.00000000 0.00000000 21.00000000
0.411 0.00000000	 1.00000000 0.00000000 0.00000000 0.00000000 10.00000000
0.412 0.00000000	 1.00000000 0.00000000 0.00000000 0.00000000 10.00000000
0.413 0.00000000	 1.00000000 0.00000000 0.00000000 0.00000000 10.00000000
0.414 0.00000000	 1.00000000 0.00000000 0.00000000 0.00000000 10.00000000
0.415 0.00000000	 1.00000000 0.00000000 0.00000000 0.00000000 10.00000000
0.416 0.00000000	 1.00000000 0.00000000 0.00000000 0.00000000 10.00000000
0.417 0.00000000	 1.00000000 0.00000000 0.00000000 0.00000000 10.00000000
0.418 0.00000000	 1.00000000 0.00000000 0.00000000 0.00000000 10.00000000
0.419 0.00000000	 1.00000000 0.00000000 0.00000000 0.00000000 10.00000000
0.420 0.00000000	 1.00000000 0.00000000 0.00000000 0.00000000 21.00000000
0.421 0.00000000	 1.00000000 0.00000000 0.00000000 0.00000000 10.00000000
0.422 0.00000000	 1.00000000 0.00000000 0.00000000 0.00000000 10.00000000
0.423 0.00000000	 1.00000000 0.00000000 0.00000000 0.00000000 10.00000000
0.424 0.00000000	 1.00000000 0.00000000 0.00000000 0.00000000 10.00000000
0.425 0.00000000	 1.00000000 0.00000000 0.00000000 0.00000000 10.00000000
0.426 0.00000000	 1.00000000 0.00000000 0.00000000 0.00000000 10.00000000
0.427 0.00000000	 1.00000000 0.00000000 0.00000000 0.00000000 10.00000000
0.428 0.00000000	 1.00000000 0.00000000 0.00000000 0.00000000 10.00000000
0.429 0.00000000	 1.00000000 0.00000000 0.00000000 0.00000000 10.00000000
0.430 0.00000000	 1.00000000 0.00000000 0.00000000 0.00000000 21.00000000
0.431 0.00000000	 1.00000000 0.00000000 0.00000000 0.00000000 10.00000000
0.432 0.00000000	 1.00000000 0.00000000 0.00000000 0.00000000 10.00000000
0.433 0.00000000	 1.00000000 0.00000000 0.00000000 0.00000000 10.00000000
0.434 0.00000000	 1.00000000 0.00000000 0.00000000 0.00000000 10.00000000
0.435 0.00190001	 0.99809999 0.00000000 0.00000000 0.00000000 10.00000000
0.436 0.03508476	 0.96491524 0.00000000 0.00000000 0.00000000 10.00000000
0.437 0.05852406	 0.94147594 0.00000000 0.00000000 0.00000000 10.00000000
0.438 0.07024995	 0.92975005 0.00000000 0.00000000 0.00000000 10.00000000
0.439 0.08387088	 0.91612912 0.00000000 0.00000000 0.00000000 10.00000000
0.440 0.09432036	 0.90567964 0.00000000 0.00000000 0.00000000 21.00000000
0.441 0.10100330	 0.89899670 0.00000000 0.00000000 0.00000000 10.00000000
0.442 0.10989647	 0.89010353 0.00000000 0.00000000 0.00000000 10.00000000
0.443 0.11588137	 0.88411862 0.00000000 0.00000000 0.00000000 10.00000000
0.444 0.12351487	 0.87648513 0.00000000 0.00000000 0.00000000 10.00000000
0.445 0.12806925	 0.87193075 0.00000000 0.00000000 0.00000000 10.00000000
0.446 0.13684104	 0.86315896 0.00000000 0.00000000 0.00000000 10.00000000
0.447 0.14056180	 0.85943820 0.00000000 0.00000000 0.00000000 10.00000000
0.448 0.14493665	 0.85506335 0.00000000 0.00000000 0.00000000 10.00000000
0.449 0.14861650	 0.85138350 0.00000000 0.00000000 0.00000000 10.00000000
0.450 0.15207814	 0.84792186 0.00000000 0.00000000 0.00000000 22.00000000
0.451 0.15611869	 0.84388131 0.00000000 0.00000000 0.00000000 10.00000000
0.452 0.15966608	 0.84033392 0.00000000 0.00000000 0.00000000 10.00000000
0.453 0.16372873	 0.83627127 0.00000000 0.00000000 0.00000000 10.00000000
0.454 0.16350572	 0.83649428 0.00000000 0.00000000 0.00000000 10.00000000
0.455 0.16942761	 0.83057239 0.00000000 0.00000000 0.00000000 10.00000000
0.456 0.17161611	 0.82838389 0.00000000 0.00000000 0.00000000 10.00000000
0.457 0.17547190	 0.82452810 0.00000000 0.00000000 0.00000000 10.00000000
0.458 0.17593760	 0.82406240 0.00000000 0.00000000 0.00000000 10.00000000
0.459 0.17972160	 0.82027840 0.00000000 0.00000000 0.00000000 10.00000000
0.460 0.18277208	 0.81722792 0.00000000 0.00000000 0.00000000 21.00000000
0.461 0.18528164	 0.81471836 0.00000000 0.00000000 0.00000000 10.00000000
0.462 0.18559631	 0.81440369 0.00000000 0.00000000 0.00000000 10.00000000
0.463 0.18789143	 0.81210858 0.00000000 0.00000000 0.00000000 10.00000000
0.464 0.18982611	 0.81017389 0.00000000 0.00000000 0.00000000 10.00000000
0.465 0.19138056	 0.80861944 0.00000000 0.00000000 0.00000000 10.00000000
0.466 0.19352332	 0.80647668 0.00000000 0.00000000 0.00000000 10.00000000
0.467 0.19368808	 0.80631193 0.00000000 0.00000000 0.00000000 10.00000000
0.468 0.19511741	 0.80488259 0.00000000 0.00000000 0.00000000 10.00000000
0.469 0.19806284	 0.80193716 0.00000000 0.00000000 0.00000000 10.00000000
0.470 0.20067991	 0.79932009 0.00000000 0.00000000 0.00000000 21.00000000
0.471 0.20171048	 0.79828953 0.00000000 0.00000000 0.00000000 10.00000000
0.472 0.20197063	 0.79802937 0.00000000 0.00000000 0.00000000 10.00000000
0.473 0.20294791	 0.79705209 0.00000000 0.00000000 0.00000000 10.00000000
0.474 0.20523434	 0.79476566 0.00000000 0.00000000 0.00000000 10.00000000
0.475 0.20455184	 0.79544816 0.00000000 0.00000000 0.00000000 10.00000000
0.476 0.20666615	 0.79333385 0.00000000 0.00000000 0.00000000 10.00000000
0.477 0.20880154	 0.79119846 0.00000000 0.00000000 0.00000000 10.00000000
0.478 0.21057275	 0.78942725 0.00000000 0.00000000 0.00000000 10.00000000
0.479 0.21065196	 0.78934804 0.00000000 0.00000000 0.00000000 10.00000000
0.480 0.21213821	 0.78786179 0.00000000 0.00000000 0.00000000 21.00000000
0.481 0.21166024	 0.78833976 0.00000000 0.00000000 0.00000000 10.00000000
0.482 0.21478273	 0.78521727 0.00000000 0.00000000 0.00000000 10.00000000
0.483 0.21357265	 0.78642735 0.00000000 0.00000000 0.00000000 10.00000000
0.484 0.21574761	 0.78425239 0.00000000 0.00000000 0.00000000 10.00000000
0.485 0.21624425	 0.78375575 0.00000000 0.00000000 0.00000000 10.00000000
0.486 0.21711386	 0.78288614 0.00000000 0.00000000 0.00000000 10.00000000
0.487 0.21845521	 0.78154479 0.00000000 0.00000000 0.00000000 10.00000000
0.488 0.21810470	 0.78189530 0.00000000 0.00000000 0.00000000 10.00000000
0.489 0.21935200	 0.78064800 0.00000000 0.00000000 0.00000000 10.00000000
0.490 0.22075356	 0.77924644 0.00000000 0.00000000 0.00000000 21.00000000
0.491 0.22103280	 0.77896720 0.00000000 0.00000000 0.00000000 10.00000000
0.492 0.22078624	 0.77921376 0.00000000 0.00000000 0.00000000 10.00000000
0.493 0.22234319	 0.77765681 0.00000000 0.00000000 0.00000000 10.00000000
0.494 0.22285970	 0.77714030 0.00000000 0.00000000 0.00000000 10.00000000
0.495 0.22265903	 0.77734097 0.00000000 0.00000000 0.00000000 10.00000000
0.496 0.22397191	 0.77602809 0.00000000 0.00000000 0.00000000 10.00000000
0.497 0.22432995	 0.77567005 0.00000000 0.00000000 0.00000000 10.00000000
0.498 0.22506195	 0.77493805 0.00000000 0.00000000 0.00000000 10.00000000
0.499 0.22615929	 0.77384071 0.00000000 0.00000000 0.00000000 10.00000000
0.500 0.22636349	 0.77363651 0.00000000 0.00000000 0.00000000 22.00000000
0.501 0.22533190	 0.77466810 0.00000000 0.00000000 0.00000000 10.00000000
0.502 0.22675761	 0.77324239 0.00000000 0.00000000 0.00000000 10.00000000
0.503 0.22736816	 0.77263184 0.00000000 0.00000000 0.00000000 10.00000000
0.504 0.22749451	 0.77250549 0.00000000 0.00000000 0.00000000 10.00000000
0.505 0.22716139	 0.77283861 0.00000000 0.00000000 0.00000000 10.00000000
0.506 0.22966082	 0.77033918 0.00000000 0.00000000 0.00000000 10.00000000
0.507 0.22869602	 0.77130398 0.00000000 0.00000000 0.00000000 10.00000000
0.508 0.23046471	 0.76953529 0.00000000 0.00000000 0.00000000 10.00000000
0.509 0.23012658	 0.76987343 0.00000000 0.00000000 0.00000000 10.00000000
0.510 0.23061527	 0.76938473 0.00000000 0.00000000 0.00000000 21.00000000
0.511 0.22983428	 0.77016573 0.00000000 0.00000000 0.00000000 10.00000000
0.512 0.22977358	 0.77022642 0.00000000 0.00000000 0.00000000 10.00000000
0.513 0.23167486	 0.76832514 0.00000000 0.00000000 0.00000000 10.00000000
0.514 0.23297905	 0.76702095 0.00000000 0.00000000 0.00000000 10.00000000
0.515 0.23235109	 0.76764891 0.00000000 0.00000000 0.00000000 10.00000000
0.516 0.23139494	 0.76860506 0.00000000 0.00000000 0.00000000 10.00000000
0.517 0.23189032	 0.76810967 0.00000000 0.00000000 0.00000000 10.00000000
0.518 0.23276605	 0.76723395 0.00000000 0.00000000 0.00000000 10.00000000
0.519 0.23292829	 0.76707171 0.00000000 0.00000000 0.00000000 10.00000000
0.520 0.23255453	 0.76744546 0.00000000 0.00000000 0.00000000 21.00000000
0.521 0.23245638	 0.76754363 0.00000000 0.00000000 0.00000000 10.00000000
0.522 0.23494600	 0.76505400 0.00000000 0.00000000 0.00000000 10.00000000
0.523 0.23305460	 0.76694540 0.00000000 0.00000000 0.00000000 10.00000000
0.524 0.23453601	 0.76546399 0.00000000 0.00000000 0.00000000 10.00000000
0.525 0.23307697	 0.76692302 0.00000000 0.00000000 0.00000000 10.00000000
0.526 0.23445423	 0.76554577 0.00000000 0.00000000 0.00000000 10.00000000
0.527 0.23519126	 0.76480874 0.00000000 0.00000000 0.00000000 10.00000000
0.528 0.23425237	 0.76574762 0.00000000 0.00000000 0.00000000 10.00000000
0.529 0.23675435	 0.76324565 0.00000000 0.00000000 0.00000000 10.00000000
0.530 0.23583450	 0.76416550 0.00000000 0.00000000 0.00000000 21.00000000
0.531 0.23529527	 0.76470473 0.00000000 0.00000000 0.00000000 10.00000000
0.532 0.23614375	 0.76385625 0.00000000 0.00000000 0.00000000 10.00000000
0.533 0.23632334	 0.76367666 0.00000000 0.00000000 0.00000000 10.00000000
0.534 0.23707892	 0.76292107 0.00000000 0.00000000 0.00000000 10.00000000
0.535 0.23599261	 0.76400739 0.00000000 0.00000000 0.00000000 10.00000000
0.536 0.23813048	 0.76186952 0.00000000 0.00000000 0.00000000 10.00000000
0.537 0.23724238	 0.76275762 0.00000000 0.00000000 0.00000000 10.00000000
0.538 0.23646454	 0.76353546 0.00000000 0.00000000 0.00000000 10.00000000
0.539 0.23642984	 0.76357016 0.00000000 0.00000000 0.00000000 10.00000000
0.540 0.23764225	 0.76235775 0.00000000 0.00000000 0.00000000 21.00000000
0.541 0.23673827	 0.76326173 0.00000000 0.00000000 0.00000000 10.00000000
0.542 0.23726340	 0.76273660 0.00000000 0.00000000 0.00000000 10.00000000
0.543 0.23743186	 0.76256814 0.00000000 0.00000000 0.00000000 10.00000000
0.544 0.23746776	 0.76253224 0.00000000 0.00000000 0.00000000 10.00000000
0.545 0.23725350	 0.76274650 0.00000000 0.00000000 0.00000000 10.00000000
0.546 0.23985333	 0.76014668 0.00000000 0.00000000 0.00000000 10.00000000
0.547 0.23804373	 0.76195628 0.00000000 0.00000000 0.00000000 10.00000000
0.548 0.23822824	 0.76177176 0.00000000 0.00000000 0.00000000 10.00000000
0.549 0.23788518	 0.76211483 0.00000000 0.00000000 0.00000000 10.00000000
0.550 0.23856994	 0.76143006 0.00000000 0.00000000 0.00000000 22.00000000
0.551 0.23728446	 0.76271554 0.00000000 0.00000000 0.00000000 10.00000000
0.552 0.23884391	 0.76115609 0.00000000 0.00000000 0.00000000 10.00000000
0.553 0.23718417	 0.76281583 0.00000000 0.00000000 0.00000000 10.00000000
0.554 0.23969731	 0.76030269 0.00000000 0.00000000 0.00000000 10.00000000
0.555 0.23790626	 0.76209374 0.00000000 0.00000000 0.00000000 10.00000000
0.556 0.23985206	 0.76014794 0.00000000 0.00000000 0.00000000 10.00000000
0.557 0.23912750	 0.76087250 0.00000000 0.00000000 0.00000000 10.00000000
0.558 0.23876954	 0.76123046 0.00000000 0.00000000 0.00000000 10.00000000
0.559 0.23885382	 0.76114618 0.00000000 0.00000000 0.00000000 10.00000000
0.560 0.23992661	 0.76007339 0.00000000 0.00000000 0.00000000 21.00000000
0.561 0.23856648	 0.76143353 0.00000000 0.00000000 0.00000000 10.00000000
0.562 0.23982613	 0.76017387 0.00000000 0.00000000 0.00000000 10.00000000
0.563 0.24033024	 0.75966976 0.00000000 0.00000000 0.00000000 10.00000000
0.564 0.23856020	 0.76143980 0.00000000 0.00000000 0.00000000 10.00000000
0.565 0.24179170	 0.75820830 0.00000000 0.00000000 0.00000000 10.00000000
0.566 0.23998090	 0.76001910 0.00000000 0.00000000 0.00000000 10.00000000
0.567 0.23992764	 0.76007236 0.00000000 0.00000000 0.00000000 10.00000000
0.568 0.23932322	 0.76067678 0.00000000 0.00000000 0.00000000 10.00000000
0.569 0.23803139	 0.76196861 0.00000000 0.00000000 0.00000000 10.00000000
0.570 0.24092927	 0.75907073 0.00000000 0.00000000 0.00000000 21.00000000
0.571 0.24087396	 0.75912604 0.00000000 0.00000000 0.00000000 10.00000000
0.572 0.23970722	 0.76029278 0.00000000 0.00000000 0.00000000 10.00000000
0.573 0.23965145	 0.76034855 0.00000000 0.00000000 0.00000000 10.00000000
0.574 0.24022241	 0.75977759 0.00000000 0.00000000 0.00000000 10.00000000
0.575 0.23908792	 0.76091208 0.00000000 0.00000000 0.00000000 10.00000000
0.576 0.23919195	 0.76080805 0.00000000 0.00000000 0.00000000 10.00000000
0.577 0.24043179	 0.75956821 0.00000000 0.00000000 0.00000000 10.00000000
0.578 0.24006635	 0.75993365 0.00000000 0.00000000 0.00000000 10.00000000
0.579 0.23947181	 0.76052819 0.00000000 0.00000000 0.00000000 10.00000000
0.580 0.24090571	 0.75909429 0.00000000 0.00000000 0.00000000 21.00000000
0.581 0.24217209	 0.75782791 0.00000000 0.00000000 0.00000000 10.00000000
0.582 0.23966635	 0.76033365 0.00000000 0.00000000 0.00000000 10.00000000
0.583 0.23952261	 0.76047739 0.00000000 0.00000000 0.00000000 10.00000000
0.584 0.23992765	 0.76007235 0.00000000 0.00000000 0.00000000 10.00000000
0.585 0.24179180	 0.75820820 0.00000000 0.00000000 0.00000000 10.00000000
0.586 0.24091852	 0.75908148 0.00000000 0.00000000 0.00000000 10.00000000
0.587 0.24230461	 0.75769539 0.00000000 0.00000000 0.00000000 10.00000000
0.588 0.24037485	 0.75962515 0.00000000 0.00000000 0.00000000 10.00000000
0.589 0.24168521	 0.75831479 0.00000000 0.00000000 0.00000000 10.00000000
0.590 0.24042971	 0.75957029 0.00000000 0.00000000 0.00000000 21.00000000
0.591 0.24062872	 0.75937128 0.00000000 0.00000000 0.00000000 10.00000000
0.592 0.24149576	 0.75850424 0.00000000 0.00000000 0.00000000 10.00000000
0.593 0.24193294	 0.75806706 0.00000000 0.00000000 0.00000000 10.00000000
0.594 0.24104124	 0.75895876 0.00000000 0.00000000 0.00000000 10.00000000
0.595 0.24054450	 0.75945550 0.00000000 0.00000000 0.00000000 10.00000000
0.596 0.24326821	 0.75673179 0.00000000 0.00000000 0.00000000 10.00000000
0.597 0.24255475	 0.75744525 0.00000000 0.00000000 0.00000000 10.00000000
0.598 0.24137556	 0.75862444 0.00000000 0.00000000 0.00000000 10.00000000
0.599 0.24335867	 0.75664132 0.00000000 0.00000000 0.00000000 10.00000000
0.600 0.24240169	 0.75759831 0.00000000 0.00000000 0.00000000 22.00000000
0.601 0.24096071	 0.75903929 0.00000000 0.00000000 0.00000000 10.00000000
0.602 0.24215095	 0.75784905 0.00000000 0.00000000 0.00000000 10.00000000
0.603 0.24103991	 0.75896009 0.00000000 0.00000000 0.00000000 10.00000000
0.604 0.24154408	 0.75845593 0.00000000 0.00000000 0.00000000 10.00000000
0.605 0.24335239	 0.75664761 0.00000000 0.00000000 0.00000000 10.00000000
0.606 0.24173980	 0.75826020 0.00000000 0.00000000 0.00000000 10.00000000
0.607 0.24296343	 0.75703658 0.00000000 0.00000000 0.00000000 10.00000000
0.608 0.24253249	 0.75746751 0.00000000 0.00000000 0.00000000 10.00000000
0.609 0.24172608	 0.75827393 0.00000000 0.00000000 0.00000000 10.00000000
0.610 0.24442921	 0.75557079 0.00000000 0.00000000 0.00000000 21.00000000
0.611 0.24217947	 0.75782052 0.00000000 0.00000000 0.00000000 10.00000000
0.612 0.24268234	 0.75731766 0.00000000 0.00000000 0.00000000 10.00000000
0.613 0.24317025	 0.75682975 0.00000000 0.00000000 0.00000000 10.00000000
0.614 0.24257825	 0.75742175 0.00000000 0.00000000 0.00000000 10.00000000
0.615 0.24287055	 0.75712945 0.00000000 0.00000000 0.00000000 10.00000000
0.616 0.24339459	 0.75660541 0.00000000 0.00000000 0.00000000 10.00000000
0.617 0.24491674	 0.75508326 0.00000000 0.00000000 0.00000000 10.00000000
0.618 0.24255472	 0.75744528 0.00000000 0.00000000 0.00000000 10.00000000
0.619 0.24272071	 0.75727929 0.00000000 0.00000000 0.00000000 10.00000000
0.620 0.24330386	 0.75669614 0.00000000 0.00000000 0.00000000 21.00000000
0.621 0.24241225	 0.75758775 0.00000000 0.00000000 0.00000000 10.00000000
0.622 0.24218071	 0.75781929 0.00000000 0.00000000 0.00000000 10.00000000
0.623 0.24393085	 0.75606915 0.00000000 0.00000000 0.00000000 10.00000000
0.624 0.24313317	 0.75686683 0.00000000 0.00000000 0.00000000 10.00000000
0.625 0.24500344	 0.75499656 0.00000000 0.00000000 0.00000000 10.00000000
0.626 0.24483873	 0.75516127 0.00000000 0.00000000 0.00000000 10.00000000
0.627 0.24446345	 0.75553655 0.00000000 0.00000000 0.00000000 10.00000000
0.628 0.24307744	 0.75692256 0.00000000 0.00000000 0.00000000 10.00000000
0.629 0.24389490	 0.75610510 0.00000000 0.00000000 0.00000000 10.00000000
0.630 0.24392674	 0.75607326 0.00000000 0.00000000 0.00000000 21.00000000
0.631 0.24452039	 0.75547961 0.00000000 0.00000000 0.00000000 10.00000000
0.632 0.24358030	 0.75641970 0.00000000 0.00000000 0.00000000 10.00000000
0.633 0.24442386	 0.75557614 0.00000000 0.00000000 0.00000000 10.00000000
0.634 0.24388254	 0.75611746 0.00000000 0.00000000 0.00000000 10.00000000
0.635 0.24486843	 0.75513158 0.00000000 0.00000000 0.00000000 10.00000000
0.636 0.24576764	 0.75423236 0.00000000 0.00000000 0.00000000 10.00000000
0.637 0.24572681	 0.75427319 0.00000000 0.00000000 0.00000000 10.00000000
0.638 0.24567476	 0.75432524 0.00000000 0.00000000 0.00000000 10.00000000
0.639 0.24631890	 0.75368110 0.00000000 0.00000000 0.00000000 10.00000000
0.640 0.24612437	 0.75387563 0.00000000 0.00000000 0.00000000 21.00000000
0.641 0.24599440	 0.75400560 0.00000000 0.00000000 0.00000000 10.00000000
0.642 0.24553110	 0.75446890 0.00000000 0.00000000 0.00000000 10.00000000
0.643 0.24690597	 0.75309403 0.00000000 0.00000000 0.00000000 10.00000000
0.644 0.24702985	 0.75297015 0.00000000 0.00000000 0.00000000 10.00000000
0.645 0.24764169	 0.75235831 0.00000000 0.00000000 0.00000000 10.00000000
0.646 0.24797486	 0.75202514 0.00000000 0.00000000 0.00000000 10.00000000
0.647 0.24764671	 0.75235329 0.00000000 0.00000000 0.00000000 10.00000000
0.648 0.24764171	 0.75235829 0.00000000 0.00000000 0.00000000 10.00000000
0.649 0.24779774	 0.75220226 0.00000000 0.00000000 0.00000000 10.00000000
0.650 0.24814544	 0.75185456 0.00000000 0.00000000 0.00000000 22.00000000
0.651 0.24893601	 0.75106399 0.00000000 0.00000000 0.00000000 10.00000000
0.652 0.24967429	 0.75032571 0.00000000 0.00000000 0.00000000 10.00000000
0.653 0.25017841	 0.74982159 0.00000000 0.00000000 0.00000000 10.00000000
0.654 0.25019205	 0.74980795 0.00000000 0.00000000 0.00000000 10.00000000
0.655 0.25010775	 0.74989225 0.00000000 0.00000000 0.00000000 10.00000000
0.656 0.25093146	 0.74906854 0.00000000 0.00000000 0.00000000 10.00000000
0.657 0.25296894	 0.74703106 0.00000000 0.00000000 0.00000000 10.00000000
0.658 0.25216380	 0.74783620 0.00000000 0.00000000 0.00000000 10.00000000
0.659 0.25159287	 0.74840712 0.00000000 0.00000000 0.00000000 10.00000000
0.660 0.25245182	 0.74754818 0.00000000 0.00000000 0.00000000 21.00000000
0.661 0.25168701	 0.74831299 0.00000000 0.00000000 0.00000000 10.00000000
0.662 0.25247097	 0.74752902 0.00000000 0.00000000 0.00000000 10.00000000
0.663 0.25499900	 0.74500100 0.00000000 0.00000000 0.00000000 10.00000000
0.664 0.25611498	 0.74388502 0.00000000 0.00000000 0.00000000 10.00000000
0.665 0.25621159	 0.74378841 0.00000000 0.00000000 0.00000000 10.00000000
0.666 0.25628468	 0.74371532 0.00000000 0.00000000 0.00000000 10.00000000
0.667 0.25553778	 0.74446223 0.00000000 0.00000000 0.00000000 10.00000000
0.668 0.25734986	 0.74265014 0.00000000 0.00000000 0.00000000 10.00000000
0.669 0.25668350	 0.74331650 0.00000000 0.00000000 0.00000000 10.00000000
0.670 0.25773833	 0.74226167 0.00000000 0.00000000 0.00000000 21.00000000
0.671 0.25913843	 0.74086157 0.00000000 0.00000000 0.00000000 10.00000000
0.672 0.25786019	 0.74213981 0.00000000 0.00000000 0.00000000 10.00000000
0.673 0.25978002	 0.74021997 0.00000000 0.00000000 0.00000000 10.00000000
0.674 0.26003148	 0.73996852 0.00000000 0.00000000 0.00000000 10.00000000
0.675 0.26185841	 0.73814159 0.00000000 0.00000000 0.00000000 10.00000000
0.676 0.26442722	 0.73557277 0.00000000 0.00000000 0.00000000 10.00000000
0.677 0.26460564	 0.73539436 0.00000000 0.00000000 0.00000000 10.00000000
0.678 0.26407675	 0.73592325 0.00000000 0.00000000 0.00000000 10.00000000
0.679 0.26495612	 0.73504387 0.00000000 0.00000000 0.00000000 10.00000000
0.680 0.26669405	 0.73330595 0.00000000 0.00000000 0.00000000 21.00000000
0.681 0.26966163	 0.73033837 0.00000000 0.00000000 0.00000000 10.00000000
0.682 0.26866824	 0.73133176 0.00000000 0.00000000 0.00000000 10.00000000
0.683 0.27042460	 0.72957540 0.00000000 0.00000000 0.00000000 10.00000000
0.684 0.27210045	 0.72789955 0.00000000 0.00000000 0.00000000 10.00000000
0.685 0.27316933	 0.72683067 0.00000000 0.00000000 0.00000000 10.00000000
0.686 0.27243240	 0.72756760 0.00000000 0.00000000 0.00000000 10.00000000
0.687 0.27531833	 0.72468168 0.00000000 0.00000000 0.00000000 10.00000000
0.688 0.27608253	 0.72391748 0.00000000 0.00000000 0.00000000 10.00000000
0.689 0.27873687	 0.72126313 0.00000000 0.00000000 0.00000000 10.00000000
0.690 0.27932544	 0.72067457 0.00000000 0.00000000 0.00000000 21.00000000
0.691 0.28174016	 0.71825984 0.00000000 0.00000000 0.00000000 14.00000000
0.692 0.28378911	 0.71621089 0.00000000 0.00000000 0.00000000 14.00000000
0.693 0.28541083	 0.71458917 0.00000000 0.00000000 0.00000000 14.00000000
0.694 0.28789247	 0.71210753 0.00000000 0.00000000 0.00000000 14.00000000
0.695 0.29018827	 0.70981173 0.00000000 0.00000000 0.00000000 14.00000000
0.696 0.29187011	 0.70812989 0.00000000 0.00000000 0.00000000 14.00000000
0.697 0.29378202	 0.70621798 0.00000000 0.00000000 0.00000000 14.00000000
0.698 0.29678033	 0.70321967 0.00000000 0.00000000 0.00000000 14.00000000
0.699 0.29836397	 0.70163603 0.00000000 0.00000000 0.00000000 14.00000000
0.700 0.30215433	 0.69784567 0.00000000 0.00000000 0.00000000 26.00000000
0.701 0.30501170	 0.69498830 0.00000000 0.00000000 0.00000000 14.00000000
0.702 0.30720230	 0.69279770 0.00000000 0.00000000 0.00000000 14.00000000
0.703 0.30917700	 0.69082300 0.00000000 0.00000000 0.00000000 14.00000000
0.704 0.31270003	 0.68729997 0.00000000 0.00000000 0.00000000 14.00000000
0.705 0.31719256	 0.68280744 0.00000000 0.00000000 0.00000000 14.00000000
0.706 0.31823298	 0.68176702 0.00000000 0.00000000 0.00000000 14.00000000
0.707 0.32310152	 0.67689848 0.00000000 0.00000000 0.00000000 14.00000000
0.708 0.32488785	 0.67511215 0.00000000 0.00000000 0.00000000 14.00000000
0.709 0.33037662	 0.66962338 0.00000000 0.00000000 0.00000000 14.00000000
0.710 0.33343044	 0.66656955 0.00000000 0.00000000 0.00000000 25.00000000
0.711 0.33736852	 0.66263148 0.00000000 0.00000000 0.00000000 14.00000000
0.712 0.34213980	 0.65786020 0.00000000 0.00000000 0.00000000 14.00000000
0.713 0.34660140	 0.65339860 0.00000000 0.00000000 0.00000000 14.00000000
0.714 0.35041546	 0.64958454 0.00000000 0.00000000 0.00000000 14.00000000
0.715 0.35563971	 0.64436029 0.00000000 0.00000000 0.00000000 14.00000000
0.716 0.35979879	 0.64020121 0.00000000 0.00000000 0.00000000 14.00000000
0.717 0.36738434	 0.63261566 0.00000000 0.00000000 0.00000000 14.00000000
0.718 0.37017742	 0.62982258 0.00000000 0.00000000 0.00000000 14.00000000
0.719 0.37638901	 0.62361099 0.00000000 0.00000000 0.00000000 14.00000000
0.720 0.38226659	 0.61773340 0.00000000 0.00000000 0.00000000 25.00000000
0.721 0.38764347	 0.61235653 0.00000000 0.00000000 0.00000000 14.00000000
0.722 0.39387098	 0.60612902 0.00000000 0.00000000 0.00000000 14.00000000
0.723 0.40045158	 0.59954842 0.00000000 0.00000000 0.00000000 14.00000000
0.724 0.40814326	 0.59185674 0.00000000 0.00000000 0.00000000 14.00000000
0.725 0.41524673	 0.58475327 0.00000000 0.00000000 0.00000000 14.00000000
0.726 0.42178299	 0.57821701 0.00000000 0.00000000 0.00000000 14.00000000
0.727 0.42877670	 0.57122330 0.00000000 0.00000000 0.00000000 14.00000000
0.728 0.43738233	 0.56261767 0.00000000 0.00000000 0.00000000 14.00000000
0.729 0.44670018	 0.55329982 0.00000000 0.00000000 0.00000000 14.00000000
0.730 0.45486176	 0.54513824 0.00000000 0.00000000 0.00000000 25.00000000
0.731 0.46336207	 0.53663793 0.00000000 0.00000000 0.00000000 14.00000000
0.732 0.47129358	 0.52870642 0.00000000 0.00000000 0.00000000 14.00000000
0.733 0.48214370	 0.51785630 0.00000000 0.00000000 0.00000000 14.00000000
0.734 0.49080600	 0.50919400 0.00000000 0.00000000 0.00000000 14.00000000
0.735 0.50107932	 0.49892069 0.00000000 0.00000000 0.00000000 14.00000000
0.736 0.51185613	 0.48814387 0.00000000 0.00000000 0.00000000 14.00000000
0.737 0.52271072	 0.47728928 0.00000000 0.00000000 0.00000000 14.00000000
0.738 0.53390855	 0.46609145 0.00000000 0.00000000 0.00000000 14.00000000
0.739 0.54625479	 0.45374521 0.00000000 0.00000000 0.00000000 14.00000000
0.740 0.55564559	 0.44435441 0.00000000 0.00000000 0.00000000 25.00000000
0.741 0.56807726	 0.43192274 0.00000000 0.00000000 0.00000000 14.00000000
0.742 0.57804713	 0.42195287 0.00000000 0.00000000 0.00000000 14.00000000
0.743 0.59216371	 0.40783629 0.00000000 0.00000000 0.00000000 14.00000000
0.744 0.60301739	 0.39698260 0.00000000 0.00000000 0.00000000 14.00000000
0.745 0.61753389	 0.38246611 0.00000000 0.00000000 0.00000000 14.00000000
0.746 0.62888032	 0.37111968 0.00000000 0.00000000 0.00000000 14.00000000
0.747 0.64123018	 0.35876982 0.00000000 0.00000000 0.00000000 14.00000000
0.748 0.65524407	 0.34475593 0.00000000 0.00000000 0.00000000 14.00000000
0.749 0.66726564	 0.33273436 0.00000000 0.00000000 0.00000000 14.00000000
0.750 0.68197961	 0.31802039 0.00000000 0.00000000 0.00000000 26.00000000
0.751 0.69555446	 0.30444554 0.00000000 0.00000000 0.00000000 14.00000000
0.752 0.70893055	 0.29106945 0.00000000 0.00000000 0.00000000 14.00000000
0.753 0.72208269	 0.27791731 0.00000000 0.00000000 0.00000000 14.00000000
0.754 0.73404939	 0.26595061 0.00000000 0.00000000 0.00000000 14.00000000
0.755 0.74618954	 0.25381046 0.00000000 0.00000000 0.00000000 14.00000000
0.756 0.75977702	 0.24022298 0.00000000 0.00000000 0.00000000 14.00000000
0.757 0.77120674	 0.22879326 0.00000000 0.00000000 0.00000000 14.00000000
0.758 0.78380504	 0.21619496 0.00000000 0.00000000 0.00000000 14.00000000
0.759 0.79526834	 0.20473166 0.00000000 0.00000000 0.00000000 14.00000000
0.760 0.80550239	 0.19449761 0.00000000 0.00000000 0.00000000 25.00000000
0.761 0.81683246	 0.18316754 0.00000000 0.00000000 0.00000000 14.00000000
0.762 0.82631312	 0.17368688 0.00000000 0.00000000 0.00000000 14.00000000
0.763 0.83658734	 0.16341266 0.00000000 0.00000000 0.00000000 14.00000000
0.764 0.84471612	 0.15528388 0.00000000 0.00000000 0.00000000 14.00000000
0.765 0.85498505	 0.14501495 0.00000000 0.00000000 0.00000000 14.00000000
0.766 0.86323412	 0.13676587 0.00000000 0.00000000 0.00000000 14.00000000
0.767 0.87216096	 0.12783904 0.00000000 0.00000000 0.00000000 14.00000000
0.768 0.87895290	 0.12104710 0.00000000 0.00000000 0.00000000 14.00000000
0.769 0.88534765	 0.11465235 0.00000000 0.00000000 0.00000000 14.00000000
0.770 0.89284929	 0.10715071 0.00000000 0.00000000 0.00000000 25.00000000
0.771 0.89922532	 0.10077468 0.00000000 0.00000000 0.00000000 14.00000000
0.772 0.90559088	 0.09440912 0.00000000 0.00000000 0.00000000 14.00000000
0.773 0.91155210	 0.08844790 0.00000000 0.00000000 0.00000000 14.00000000
0.774 0.91713559	 0.08286441 0.00000000 0.00000000 0.00000000 14.00000000
0.775 0.92009409	 0.07990591 0.00000000 0.00000000 0.00000000 14.00000000
0.776 0.92574035	 0.07425965 0.00000000 0.00000000 0.00000000 14.00000000
0.777 0.93039307	 0.06960693 0.00000000 0.00000000 0.00000000 14.00000000
0.778 0.93454153	 0.06545847 0.00000000 0.00000000 0.00000000 14.00000000
0.779 0.93774768	 0.06225232 0.00000000 0.00000000 0.00000000 14.00000000
0.780 0.94132875	 0.05867125 0.00000000 0.00000000 0.00000000 25.00000000
0.781 0.94466094	 0.05533905 0.00000000 0.00000000 0.00000000 14.00000000
0.782 0.94800955	 0.05199045 0.00000000 0.00000000 0.00000000 14.00000000
0.783 0.95058537	 0.04941463 0.00000000 0.00000000 0.00000000 13.00000000
0.784 0.95306161	 0.04693839 0.00000000 0.00000000 0.00000000 13.00000000
0.785 0.95615622	 0.04384378 0.00000000 0.00000000 0.00000000 13.00000000
0.786 0.95893644	 0.04106356 0.00000000 0.00000000 0.00000000 13.00000000
0.787 0.96102493	 0.03897507 0.00000000 0.00000000 0.00000000 13.00000000
0.788 0.96358500	 0.03641500 0.00000000 0.00000000 0.00000000 13.00000000
0.789 0.96503137	 0.03496863 0.00000000 0.00000000 0.00000000 13.00000000
0.790 0.96693183	 0.03306817 0.00000000 0.00000000 0.00000000 24.00000000
0.791 0.96853082	 0.03146918 0.00000000 0.00000000 0.00000000 13.00000000
0.792 0.97038309	 0.02961691 0.00000000 0.00000000 0.00000000 13.00000000
0.793 0.97190274	 0.02809726 0.00000000 0.00000000 0.00000000 13.00000000
0.794 0.97330710	 0.02669290 0.00000000 0.00000000 0.00000000 13.00000000
0.795 0.97446378	 0.02553622 0.00000000 0.00000000 0.00000000 13.00000000
0.796 0.97505160	 0.02494840 0.00000000 0.00000000 0.00000000 13.00000000
0.797 0.97729730	 0.02270270 0.00000000 0.00000000 0.00000000 13.00000000
0.798 0.97800610	 0.02199390 0.00000000 0.00000000 0.00000000 13.00000000
0.799 0.97893612	 0.02106387 0.00000000 0.00000000 0.00000000 13.00000000
0.800 0.98014020	 0.01985981 0.00000000 0.00000000 0.00000000 25.00000000
0.810 0.98758803	 0.01241197 0.00000000 0.00000000 0.00000000 11.00000000
0.820 0.99285780	 0.00714220 0.00000000 0.00000000 0.00000000 11.00000000
0.830 0.99615128	 0.00384872 0.00000000 0.00000000 0.00000000 11.00000000
0.840 0.99892240	 0.00107760 0.00000000 0.00000000 0.00000000 11.00000000
0.850 1.00000000	 0.00000000 0.00000000 0.00000000 0.00000000 12.00000000
0.860 1.00000000	 0.00000000 0.00000000 0.00000000 0.00000000 11.00000000
0.870 1.00000000	 0.00000000 0.00000000 0.00000000 0.00000000 11.00000000
0.880 1.00000000	 0.00000000 0.00000000 0.00000000 0.00000000 11.00000000
0.890 1.00000000	 0.00000000 0.00000000 0.00000000 0.00000000 11.00000000
0.900 1.00000000	 0.00000000 0.00000000 0.00000000 0.00000000 12.00000000
0.910 1.00000000	 0.00000000 0.00000000 0.00000000 0.00000000 11.00000000
0.920 1.00000000	 0.00000000 0.00000000 0.00000000 0.00000000 11.00000000
0.930 1.00000000	 0.00000000 0.00000000 0.00000000 0.00000000 11.00000000
0.940 1.00000000	 0.00000000 0.00000000 0.00000000 0.00000000 11.00000000
0.950 1.00000000	 0.00000000 0.00000000 0.00000000 0.00000000 12.00000000
0.960 1.00000000	 0.00000000 0.00000000 0.00000000 0.00000000 11.00000000
0.970 1.00000000	 0.00000000 0.00000000 0.00000000 0.00000000 11.00000000
0.980 1.00000000	 0.00000000 0.00000000 0.00000000 0.00000000 11.00000000
0.990 1.00000000	 0.00000000 0.00000000 0.00000000 0.00000000 11.00000000
1.000 1.00000000	 0.00000000 0.00000000 0.00000000 0.00000000 12.00000000
