0.000 0.00000000	 1.00000000 0.00000000 0.00000000 0.00000000 1.00000000
0.050 0.00000000	 1.00000000 0.00000000 0.00000000 0.00000000 1.00000000
0.100 0.00000000	 1.00000000 0.00000000 0.00000000 0.00000000 1.00000000
0.150 0.00000000	 1.00000000 0.00000000 0.00000000 0.00000000 1.00000000
0.200 0.00000000	 1.00000000 0.00000000 0.00000000 0.00000000 1.00000000
0.250 0.00000000	 1.00000000 0.00000000 0.00000000 0.00000000 1.00000000
0.300 0.00000000	 1.00000000 0.00000000 0.00000000 0.00000000 1.00000000
0.350 0.00000000	 1.00000000 0.00000000 0.00000000 0.00000000 1.00000000
0.400 0.00000000	 1.00000000 0.00000000 0.00000000 0.00000000 1.00000000
0.450 0.00000000	 1.00000000 0.00000000 0.00000000 0.00000000 1.00000000
0.500 0.00000000	 1.00000000 0.00000000 0.00000000 0.00000000 1.00000000
0.550 0.00000000	 1.00000000 0.00000000 0.00000000 0.00000000 1.00000000
0.600 0.00000000	 1.00000000 0.00000000 0.00000000 0.00000000 1.00000000
0.650 0.00000000	 1.00000000 0.00000000 0.00000000 0.00000000 1.00000000
0.700 0.00000000	 1.00000000 0.00000000 0.00000000 0.00000000 2.00000000
0.710 0.00000000	 1.00000000 0.00000000 0.00000000 0.00000000 1.00000000
0.720 0.00000000	 1.00000000 0.00000000 0.00000000 0.00000000 1.00000000
0.730 0.00000000	 1.00000000 0.00000000 0.00000000 0.00000000 13.00000000
0.731 0.13136979	 0.86863021 0.00000000 0.00000000 0.00000000 12.00000000
0.732 0.20037917	 0.79962083 0.00000000 0.00000000 0.00000000 12.00000000
0.733 0.24593229	 0.75406771 0.00000000 0.00000000 0.00000000 12.00000000
0.734 0.28451875	 0.71548125 0.00000000 0.00000000 0.00000000 12.00000000
0.735 0.30607917	 0.69392083 0.00000000 0.00000000 0.00000000 12.00000000
0.736 0.33191146	 0.66808854 0.00000000 0.00000000 0.00000000 12.00000000
0.737 0.35194479	 0.64805521 0.00000000 0.00000000 0.00000000 12.00000000
0.738 0.37215833	 0.62784167 0.00000000 0.00000000 0.00000000 12.00000000
0.739 0.39086042	 0.60913958 0.00000000 0.00000000 0.00000000 12.00000000
0.740 0.40389712	 0.59610288 0.00000000 0.00000000 0.00000000 13.00000000
0.741 0.41364167	 0.58635833 0.00000000 0.00000000 0.00000000 12.00000000
0.742 0.42096979	 0.57903021 0.00000000 0.00000000 0.00000000 12.00000000
0.743 0.43673125	 0.56326875 0.00000000 0.00000000 0.00000000 12.00000000
0.744 0.44304479	 0.55695521 0.00000000 0.00000000 0.00000000 12.00000000
0.745 0.44625417	 0.55374583 0.00000000 0.00000000 0.00000000 12.00000000
0.746 0.46141146	 0.53858854 0.00000000 0.00000000 0.00000000 12.00000000
0.747 0.46670313	 0.53329688 0.00000000 0.00000000 0.00000000 12.00000000
0.748 0.47195625	 0.52804375 0.00000000 0.00000000 0.00000000 12.00000000
0.749 0.47950313	 0.52049687 0.00000000 0.00000000 0.00000000 12.00000000
0.750 0.48399018	 0.51600982 0.00000000 0.00000000 0.00000000 14.00000000
0.751 0.48802291	 0.51197708 0.00000000 0.00000000 0.00000000 12.00000000
0.752 0.49276250	 0.50723750 0.00000000 0.00000000 0.00000000 12.00000000
0.753 0.49689167	 0.50310833 0.00000000 0.00000000 0.00000000 12.00000000
0.754 0.50263958	 0.49736042 0.00000000 0.00000000 0.00000000 12.00000000
0.755 0.50875104	 0.49124896 0.00000000 0.00000000 0.00000000 12.00000000
0.756 0.51053125	 0.48946875 0.00000000 0.00000000 0.00000000 12.00000000
0.757 0.51098229	 0.48901771 0.00000000 0.00000000 0.00000000 12.00000000
0.758 0.51231875	 0.48768125 0.00000000 0.00000000 0.00000000 12.00000000
0.759 0.51886354	 0.48113646 0.00000000 0.00000000 0.00000000 12.00000000
0.760 0.52249615	 0.47750385 0.00000000 0.00000000 0.00000000 13.00000000
0.761 0.52255312	 0.47744688 0.00000000 0.00000000 0.00000000 12.00000000
0.762 0.52571354	 0.47428646 0.00000000 0.00000000 0.00000000 12.00000000
0.763 0.52710521	 0.47289479 0.00000000 0.00000000 0.00000000 12.00000000
0.764 0.53080417	 0.46919584 0.00000000 0.00000000 0.00000000 12.00000000
0.765 0.52926979	 0.47073021 0.00000000 0.00000000 0.00000000 12.00000000
0.766 0.53384375	 0.46615625 0.00000000 0.00000000 0.00000000 12.00000000
0.767 0.53719271	 0.46280729 0.00000000 0.00000000 0.00000000 12.00000000
0.768 0.53602292	 0.46397708 0.00000000 0.00000000 0.00000000 12.00000000
0.769 0.53688854	 0.46311146 0.00000000 0.00000000 0.00000000 12.00000000
0.770 0.53964904	 0.46035096 0.00000000 0.00000000 0.00000000 13.00000000
0.771 0.53928125	 0.46071875 0.00000000 0.00000000 0.00000000 12.00000000
0.772 0.54173125	 0.45826875 0.00000000 0.00000000 0.00000000 12.00000000
0.773 0.54324167	 0.45675833 0.00000000 0.00000000 0.00000000 12.00000000
0.774 0.54354583	 0.45645417 0.00000000 0.00000000 0.00000000 12.00000000
0.775 0.54384271	 0.45615729 0.00000000 0.00000000 0.00000000 12.00000000
0.776 0.54688125	 0.45311875 0.00000000 0.00000000 0.00000000 12.00000000
0.777 0.54390833	 0.45609167 0.00000000 0.00000000 0.00000000 12.00000000
0.778 0.54725104	 0.45274896 0.00000000 0.00000000 0.00000000 12.00000000
0.779 0.54660312	 0.45339688 0.00000000 0.00000000 0.00000000 12.00000000
0.780 0.54970961	 0.45029039 0.00000000 0.00000000 0.00000000 13.00000000
0.781 0.54716562	 0.45283438 0.00000000 0.00000000 0.00000000 12.00000000
0.782 0.54986771	 0.45013229 0.00000000 0.00000000 0.00000000 12.00000000
0.783 0.55041458	 0.44958542 0.00000000 0.00000000 0.00000000 12.00000000
0.784 0.54898229	 0.45101771 0.00000000 0.00000000 0.00000000 12.00000000
0.785 0.55115833	 0.44884167 0.00000000 0.00000000 0.00000000 12.00000000
0.786 0.55172708	 0.44827292 0.00000000 0.00000000 0.00000000 12.00000000
0.787 0.55277917	 0.44722083 0.00000000 0.00000000 0.00000000 12.00000000
0.788 0.55064062	 0.44935938 0.00000000 0.00000000 0.00000000 12.00000000
0.789 0.55358229	 0.44641771 0.00000000 0.00000000 0.00000000 12.00000000
0.790 0.55367211	 0.44632789 0.00000000 0.00000000 0.00000000 13.00000000
0.791 0.55362604	 0.44637396 0.00000000 0.00000000 0.00000000 12.00000000
0.792 0.55136250	 0.44863750 0.00000000 0.00000000 0.00000000 12.00000000
0.793 0.55217917	 0.44782083 0.00000000 0.00000000 0.00000000 12.00000000
0.794 0.55422187	 0.44577813 0.00000000 0.00000000 0.00000000 12.00000000
0.795 0.55245833	 0.44754167 0.00000000 0.00000000 0.00000000 12.00000000
0.796 0.55416979	 0.44583021 0.00000000 0.00000000 0.00000000 12.00000000
0.797 0.55179896	 0.44820104 0.00000000 0.00000000 0.00000000 12.00000000
0.798 0.55560521	 0.44439479 0.00000000 0.00000000 0.00000000 12.00000000
0.799 0.55534896	 0.44465104 0.00000000 0.00000000 0.00000000 12.00000000
0.800 0.55540804	 0.44459196 0.00000000 0.00000000 0.00000000 14.00000000
0.801 0.55417708	 0.44582292 0.00000000 0.00000000 0.00000000 12.00000000
0.802 0.55688958	 0.44311042 0.00000000 0.00000000 0.00000000 12.00000000
0.803 0.55701979	 0.44298021 0.00000000 0.00000000 0.00000000 12.00000000
0.804 0.55752188	 0.44247812 0.00000000 0.00000000 0.00000000 12.00000000
0.805 0.55552083	 0.44447917 0.00000000 0.00000000 0.00000000 12.00000000
0.806 0.55879062	 0.44120938 0.00000000 0.00000000 0.00000000 12.00000000
0.807 0.55881979	 0.44118021 0.00000000 0.00000000 0.00000000 12.00000000
0.808 0.55759479	 0.44240521 0.00000000 0.00000000 0.00000000 12.00000000
0.809 0.55653854	 0.44346146 0.00000000 0.00000000 0.00000000 12.00000000
0.810 0.55786635	 0.44213365 0.00000000 0.00000000 0.00000000 13.00000000
0.811 0.55897292	 0.44102708 0.00000000 0.00000000 0.00000000 12.00000000
0.812 0.55687604	 0.44312396 0.00000000 0.00000000 0.00000000 12.00000000
0.813 0.55940313	 0.44059688 0.00000000 0.00000000 0.00000000 12.00000000
0.814 0.55903125	 0.44096875 0.00000000 0.00000000 0.00000000 12.00000000
0.815 0.55921875	 0.44078125 0.00000000 0.00000000 0.00000000 12.00000000
0.816 0.55925313	 0.44074687 0.00000000 0.00000000 0.00000000 12.00000000
0.817 0.56091979	 0.43908021 0.00000000 0.00000000 0.00000000 12.00000000
0.818 0.56032500	 0.43967500 0.00000000 0.00000000 0.00000000 12.00000000
0.819 0.56098542	 0.43901458 0.00000000 0.00000000 0.00000000 12.00000000
0.820 0.56038269	 0.43961731 0.00000000 0.00000000 0.00000000 13.00000000
0.821 0.56191979	 0.43808021 0.00000000 0.00000000 0.00000000 12.00000000
0.822 0.56392813	 0.43607187 0.00000000 0.00000000 0.00000000 12.00000000
0.823 0.56281354	 0.43718646 0.00000000 0.00000000 0.00000000 12.00000000
0.824 0.56388959	 0.43611042 0.00000000 0.00000000 0.00000000 12.00000000
0.825 0.56439271	 0.43560729 0.00000000 0.00000000 0.00000000 12.00000000
0.826 0.56586667	 0.43413333 0.00000000 0.00000000 0.00000000 12.00000000
0.827 0.56435313	 0.43564688 0.00000000 0.00000000 0.00000000 12.00000000
0.828 0.56709583	 0.43290417 0.00000000 0.00000000 0.00000000 12.00000000
0.829 0.56607604	 0.43392396 0.00000000 0.00000000 0.00000000 12.00000000
0.830 0.56687404	 0.43312596 0.00000000 0.00000000 0.00000000 13.00000000
0.831 0.56804583	 0.43195417 0.00000000 0.00000000 0.00000000 12.00000000
0.832 0.57023958	 0.42976042 0.00000000 0.00000000 0.00000000 12.00000000
0.833 0.56970521	 0.43029479 0.00000000 0.00000000 0.00000000 12.00000000
0.834 0.57279062	 0.42720938 0.00000000 0.00000000 0.00000000 12.00000000
0.835 0.57593854	 0.42406146 0.00000000 0.00000000 0.00000000 12.00000000
0.836 0.57472604	 0.42527396 0.00000000 0.00000000 0.00000000 12.00000000
0.837 0.57719896	 0.42280104 0.00000000 0.00000000 0.00000000 12.00000000
0.838 0.57859792	 0.42140208 0.00000000 0.00000000 0.00000000 12.00000000
0.839 0.57848333	 0.42151667 0.00000000 0.00000000 0.00000000 12.00000000
0.840 0.57972115	 0.42027885 0.00000000 0.00000000 0.00000000 13.00000000
0.841 0.58344062	 0.41655938 0.00000000 0.00000000 0.00000000 12.00000000
0.842 0.58601771	 0.41398229 0.00000000 0.00000000 0.00000000 12.00000000
0.843 0.58828333	 0.41171667 0.00000000 0.00000000 0.00000000 12.00000000
0.844 0.59369792	 0.40630208 0.00000000 0.00000000 0.00000000 12.00000000
0.845 0.59276042	 0.40723958 0.00000000 0.00000000 0.00000000 12.00000000
0.846 0.59659896	 0.40340104 0.00000000 0.00000000 0.00000000 12.00000000
0.847 0.59918333	 0.40081667 0.00000000 0.00000000 0.00000000 12.00000000
0.848 0.60352292	 0.39647708 0.00000000 0.00000000 0.00000000 12.00000000
0.849 0.60620938	 0.39379063 0.00000000 0.00000000 0.00000000 12.00000000
0.850 0.61498036	 0.38501964 0.00000000 0.00000000 0.00000000 14.00000000
0.851 0.61480625	 0.38519375 0.00000000 0.00000000 0.00000000 12.00000000
0.852 0.62146354	 0.37853646 0.00000000 0.00000000 0.00000000 12.00000000
0.853 0.62540000	 0.37460000 0.00000000 0.00000000 0.00000000 12.00000000
0.854 0.63081042	 0.36918958 0.00000000 0.00000000 0.00000000 12.00000000
0.855 0.63811146	 0.36188854 0.00000000 0.00000000 0.00000000 12.00000000
0.856 0.64250313	 0.35749687 0.00000000 0.00000000 0.00000000 12.00000000
0.857 0.64799479	 0.35200521 0.00000000 0.00000000 0.00000000 12.00000000
0.858 0.65609583	 0.34390417 0.00000000 0.00000000 0.00000000 12.00000000
0.859 0.66270312	 0.33729688 0.00000000 0.00000000 0.00000000 12.00000000
0.860 0.67243654	 0.32756346 0.00000000 0.00000000 0.00000000 13.00000000
0.861 0.67948125	 0.32051875 0.00000000 0.00000000 0.00000000 12.00000000
0.862 0.68850521	 0.31149479 0.00000000 0.00000000 0.00000000 12.00000000
0.863 0.69970208	 0.30029792 0.00000000 0.00000000 0.00000000 12.00000000
0.864 0.70868542	 0.29131458 0.00000000 0.00000000 0.00000000 12.00000000
0.865 0.72096458	 0.27903542 0.00000000 0.00000000 0.00000000 12.00000000
0.866 0.73150208	 0.26849792 0.00000000 0.00000000 0.00000000 12.00000000
0.867 0.74362812	 0.25637188 0.00000000 0.00000000 0.00000000 12.00000000
0.868 0.75701979	 0.24298021 0.00000000 0.00000000 0.00000000 12.00000000
0.869 0.76730000	 0.23270000 0.00000000 0.00000000 0.00000000 12.00000000
0.870 0.77839519	 0.22160481 0.00000000 0.00000000 0.00000000 13.00000000
0.871 0.79187188	 0.20812813 0.00000000 0.00000000 0.00000000 12.00000000
0.872 0.80633542	 0.19366458 0.00000000 0.00000000 0.00000000 12.00000000
0.873 0.82086591	 0.17913409 0.00000000 0.00000000 0.00000000 11.00000000
0.874 0.83565227	 0.16434773 0.00000000 0.00000000 0.00000000 11.00000000
0.875 0.84840000	 0.15160000 0.00000000 0.00000000 0.00000000 11.00000000
0.876 0.86027841	 0.13972159 0.00000000 0.00000000 0.00000000 11.00000000
0.877 0.87281591	 0.12718409 0.00000000 0.00000000 0.00000000 11.00000000
0.878 0.88588977	 0.11411023 0.00000000 0.00000000 0.00000000 11.00000000
0.879 0.89553068	 0.10446932 0.00000000 0.00000000 0.00000000 11.00000000
0.880 0.90779063	 0.09220937 0.00000000 0.00000000 0.00000000 12.00000000
0.881 0.91644432	 0.08355568 0.00000000 0.00000000 0.00000000 11.00000000
0.882 0.92655114	 0.07344887 0.00000000 0.00000000 0.00000000 11.00000000
0.883 0.93376477	 0.06623523 0.00000000 0.00000000 0.00000000 11.00000000
0.884 0.94086250	 0.05913750 0.00000000 0.00000000 0.00000000 11.00000000
0.885 0.94679773	 0.05320227 0.00000000 0.00000000 0.00000000 11.00000000
0.886 0.95203750	 0.04796250 0.00000000 0.00000000 0.00000000 11.00000000
0.887 0.95873750	 0.04126250 0.00000000 0.00000000 0.00000000 11.00000000
0.888 0.96317727	 0.03682273 0.00000000 0.00000000 0.00000000 11.00000000
0.889 0.96636477	 0.03363523 0.00000000 0.00000000 0.00000000 11.00000000
0.890 0.97045833	 0.02954167 0.00000000 0.00000000 0.00000000 12.00000000
0.891 0.97360795	 0.02639204 0.00000000 0.00000000 0.00000000 11.00000000
0.892 0.97662273	 0.02337728 0.00000000 0.00000000 0.00000000 11.00000000
0.893 0.97806023	 0.02193977 0.00000000 0.00000000 0.00000000 11.00000000
0.894 0.98068864	 0.01931136 0.00000000 0.00000000 0.00000000 11.00000000
0.895 0.98255454	 0.01744546 0.00000000 0.00000000 0.00000000 11.00000000
0.896 0.98458636	 0.01541364 0.00000000 0.00000000 0.00000000 11.00000000
0.897 0.98616704	 0.01383296 0.00000000 0.00000000 0.00000000 11.00000000
0.898 0.98710227	 0.01289773 0.00000000 0.00000000 0.00000000 11.00000000
0.899 0.98832046	 0.01167955 0.00000000 0.00000000 0.00000000 11.00000000
0.900 0.98962116	 0.01037885 0.00000000 0.00000000 0.00000000 13.00000000
0.901 0.99087386	 0.00912614 0.00000000 0.00000000 0.00000000 11.00000000
0.902 0.99167955	 0.00832046 0.00000000 0.00000000 0.00000000 11.00000000
0.903 0.99232614	 0.00767386 0.00000000 0.00000000 0.00000000 11.00000000
0.904 0.99317500	 0.00682500 0.00000000 0.00000000 0.00000000 11.00000000
0.905 0.99402841	 0.00597159 0.00000000 0.00000000 0.00000000 11.00000000
0.906 0.99435568	 0.00564432 0.00000000 0.00000000 0.00000000 11.00000000
0.907 0.99493182	 0.00506818 0.00000000 0.00000000 0.00000000 11.00000000
0.908 0.99561136	 0.00438864 0.00000000 0.00000000 0.00000000 11.00000000
0.909 0.99599318	 0.00400682 0.00000000 0.00000000 0.00000000 11.00000000
0.910 0.99648750	 0.00351250 0.00000000 0.00000000 0.00000000 12.00000000
0.911 0.99689204	 0.00310796 0.00000000 0.00000000 0.00000000 11.00000000
0.912 0.99721704	 0.00278296 0.00000000 0.00000000 0.00000000 11.00000000
0.913 0.99818750	 0.00181250 0.00000000 0.00000000 0.00000000 11.00000000
0.914 0.99877500	 0.00122500 0.00000000 0.00000000 0.00000000 11.00000000
0.915 0.99904432	 0.00095568 0.00000000 0.00000000 0.00000000 11.00000000
0.916 0.99951818	 0.00048182 0.00000000 0.00000000 0.00000000 11.00000000
0.917 0.99990795	 0.00009205 0.00000000 0.00000000 0.00000000 11.00000000
0.918 1.00000000	 0.00000000 0.00000000 0.00000000 0.00000000 11.00000000
0.919 1.00000000	 0.00000000 0.00000000 0.00000000 0.00000000 11.00000000
0.920 1.00000000	 0.00000000 0.00000000 0.00000000 0.00000000 12.00000000
0.930 1.00000000	 0.00000000 0.00000000 0.00000000 0.00000000 1.00000000
0.940 1.00000000	 0.00000000 0.00000000 0.00000000 0.00000000 1.00000000
0.950 1.00000000	 0.00000000 0.00000000 0.00000000 0.00000000 2.00000000
0.960 1.00000000	 0.00000000 0.00000000 0.00000000 0.00000000 1.00000000
0.970 1.00000000	 0.00000000 0.00000000 0.00000000 0.00000000 1.00000000
0.980 1.00000000	 0.00000000 0.00000000 0.00000000 0.00000000 1.00000000
0.990 1.00000000	 0.00000000 0.00000000 0.00000000 0.00000000 1.00000000
1.000 1.00000000	 0.00000000 0.00000000 0.00000000 0.00000000 2.00000000
