4.100000 0.000000 0.000000 0.000000 1.000000 0.000000 100.000000
4.100000 0.010000 0.010000 0.000000 1.000000 0.000000 100.000000
4.100000 0.020000 0.020000 0.000000 1.000000 0.000000 100.000000
4.100000 0.030000 0.030000 0.000000 1.000000 0.000000 100.000000
4.100000 0.040000 0.040000 0.000000 1.000000 0.000000 100.000000
4.100000 0.050000 0.050000 0.000000 1.000000 0.000000 100.000000
4.100000 0.060000 0.060000 0.000000 1.000000 0.000000 100.000000
4.100000 0.070000 0.070000 0.000000 1.000000 0.000000 100.000000
4.100000 0.080000 0.080000 0.000000 1.000000 0.000000 100.000000
4.100000 0.090000 0.090000 0.000000 0.785349 0.214651 100.000000
4.100000 0.100000 0.100000 0.000000 0.507545 0.492455 100.000000
4.100000 0.110000 0.110000 0.000000 0.289835 0.710165 100.000000
4.100000 0.120000 0.120000 0.000000 0.131088 0.868912 100.000000
4.100000 0.130000 0.130000 0.000000 0.063248 0.936752 100.000000
4.100000 0.140000 0.140000 0.000000 0.033219 0.966781 100.000000
4.100000 0.150000 0.150000 0.000000 0.015083 0.984917 100.000000
4.100000 0.160000 0.160000 0.000000 0.000000 1.000000 100.000000
4.100000 0.170000 0.170000 0.000000 0.000000 1.000000 100.000000
4.100000 0.180000 0.180000 0.000000 0.000000 1.000000 100.000000
4.100000 0.190000 0.190000 0.000294 0.000000 0.999706 100.000000
4.100000 0.200000 0.200000 0.000152 0.000000 0.999848 100.000000
4.100000 0.210000 0.210000 0.000370 0.000000 0.999630 100.000000
4.100000 0.220000 0.220000 0.001415 0.000000 0.998585 100.000000
4.100000 0.230000 0.230000 0.002173 0.000000 0.997827 100.000000
4.100000 0.240000 0.240000 0.002315 0.000000 0.997685 100.000000
4.100000 0.250000 0.250000 0.006746 0.000000 0.993254 100.000000
4.100000 0.260000 0.260000 0.004624 0.000000 0.995376 100.000000
4.100000 0.270000 0.270000 0.006191 0.000000 0.993809 100.000000
4.100000 0.280000 0.280000 0.009990 0.000000 0.990010 100.000000
4.100000 0.290000 0.290000 0.011774 0.000000 0.988226 100.000000
4.100000 0.300000 0.300000 0.014240 0.000000 0.985760 100.000000
4.100000 0.310000 0.310000 0.017908 0.000000 0.982092 100.000000
4.100000 0.320000 0.320000 0.018512 0.000000 0.981488 100.000000
4.100000 0.330000 0.330000 0.022671 0.000000 0.977329 100.000000
4.100000 0.340000 0.340000 0.024790 0.000000 0.975210 100.000000
4.100000 0.350000 0.350000 0.027289 0.000000 0.972711 100.000000
4.100000 0.360000 0.360000 0.032029 0.000000 0.967971 100.000000
4.100000 0.370000 0.370000 0.038428 0.000000 0.961572 100.000000
4.100000 0.380000 0.380000 0.040415 0.000000 0.959585 100.000000
4.100000 0.390000 0.390000 0.042533 0.000000 0.957467 100.000000
4.100000 0.400000 0.400000 0.044212 0.000000 0.955788 100.000000
4.100000 0.410000 0.410000 0.052057 0.000000 0.947943 100.000000
4.100000 0.420000 0.420000 0.055879 0.000000 0.944121 100.000000
4.100000 0.430000 0.430000 0.055045 0.000000 0.944955 100.000000
4.100000 0.440000 0.440000 0.055001 0.000000 0.944999 100.000000
4.100000 0.450000 0.450000 0.073637 0.000000 0.926363 100.000000
4.100000 0.460000 0.460000 0.075835 0.000000 0.924165 100.000000
4.100000 0.470000 0.470000 0.072573 0.000000 0.927427 100.000000
4.100000 0.480000 0.480000 0.081858 0.000000 0.918142 100.000000
4.100000 0.490000 0.490000 0.089439 0.000000 0.910561 100.000000
4.100000 0.500000 0.500000 0.101071 0.000000 0.898929 100.000000
4.100000 0.510000 0.510000 0.095735 0.000000 0.904265 100.000000
4.100000 0.520000 0.520000 0.103367 0.000000 0.896633 100.000000
4.100000 0.530000 0.530000 0.112505 0.000000 0.887495 100.000000
4.100000 0.540000 0.540000 0.118164 0.000000 0.881836 100.000000
4.100000 0.550000 0.550000 0.134840 0.000000 0.865160 100.000000
4.100000 0.560000 0.560000 0.133236 0.000000 0.866764 100.000000
4.100000 0.570000 0.570000 0.133063 0.000000 0.866937 100.000000
4.100000 0.580000 0.580000 0.145948 0.000000 0.854052 100.000000
4.100000 0.590000 0.590000 0.150874 0.010000 0.839126 100.000000
4.100000 0.600000 0.600000 0.158919 0.000000 0.841081 100.000000
4.100000 0.610000 0.610000 0.172245 0.010000 0.817755 100.000000
4.100000 0.620000 0.620000 0.173166 0.010000 0.816834 100.000000
4.100000 0.630000 0.630000 0.170323 0.020000 0.809677 100.000000
4.100000 0.640000 0.640000 0.171156 0.060000 0.768844 100.000000
4.100000 0.650000 0.650000 0.162158 0.100000 0.737842 100.000000
4.100000 0.660000 0.660000 0.179194 0.070000 0.750806 100.000000
4.100000 0.670000 0.670000 0.164686 0.150000 0.685314 100.000000
4.100000 0.680000 0.680000 0.138608 0.180000 0.681392 100.000000
4.100000 0.690000 0.690000 0.162769 0.230000 0.607231 100.000000
4.100000 0.700000 0.700000 0.127432 0.360000 0.512568 100.000000
4.100000 0.710000 0.710000 0.119041 0.400000 0.480959 100.000000
4.100000 0.720000 0.720000 0.140497 0.320000 0.539503 100.000000
4.100000 0.730000 0.730000 0.123464 0.420000 0.456536 100.000000
4.100000 0.740000 0.740000 0.118199 0.420000 0.461801 100.000000
4.100000 0.750000 0.750000 0.100409 0.510000 0.389591 100.000000
4.100000 0.760000 0.760000 0.093551 0.560000 0.346449 100.000000
4.100000 0.770000 0.770000 0.088490 0.590000 0.321510 100.000000
4.100000 0.780000 0.780000 0.099045 0.530000 0.370955 100.000000
4.100000 0.790000 0.790000 0.104656 0.440000 0.455344 100.000000
4.100000 0.800000 0.800000 0.101138 0.530000 0.368862 100.000000
4.100000 0.810000 0.810000 0.099296 0.480000 0.420704 100.000000
4.100000 0.820000 0.820000 0.129430 0.410000 0.460570 100.000000
4.100000 0.830000 0.830000 0.114071 0.460000 0.425929 100.000000
4.100000 0.840000 0.840000 0.125203 0.400000 0.474797 100.000000
4.100000 0.850000 0.850000 0.146898 0.320000 0.533102 100.000000
4.100000 0.860000 0.860000 0.165283 0.260000 0.574717 100.000000
4.100000 0.870000 0.870000 0.176494 0.230000 0.593506 100.000000
4.100000 0.880000 0.880000 0.172129 0.190000 0.637871 100.000000
4.100000 0.890000 0.890000 0.199226 0.180000 0.620774 100.000000
4.100000 0.900000 0.900000 0.202448 0.100000 0.697552 100.000000
4.100000 0.910000 0.910000 0.210152 0.060000 0.729848 100.000000
4.100000 0.920000 0.920000 0.227145 0.050000 0.722855 100.000000
4.100000 0.930000 0.930000 0.236122 0.040000 0.723878 100.000000
4.100000 0.940000 0.940000 0.232765 0.040000 0.727235 100.000000
4.100000 0.950000 0.950000 0.247400 0.010000 0.742600 100.000000
4.100000 0.960000 0.960000 0.261243 0.010000 0.728757 100.000000
4.100000 0.970000 0.970000 0.254032 0.000000 0.745968 100.000000
4.100000 0.980000 0.980000 0.254906 0.000000 0.745094 100.000000
4.100000 0.990000 0.990000 0.270299 0.020000 0.709701 100.000000
4.100000 1.000000 1.000000 0.271515 0.000000 0.728485 100.000000
4.100000 1.010000 1.010000 0.272366 0.000000 0.727634 100.000000
4.100000 1.020000 1.020000 0.265707 0.000000 0.734293 100.000000
4.100000 1.030000 1.030000 0.270382 0.000000 0.729618 100.000000
4.100000 1.040000 1.040000 0.272004 0.000000 0.727996 100.000000
4.100000 1.050000 1.050000 0.281479 0.000000 0.718521 100.000000
4.100000 1.060000 1.060000 0.293789 0.000000 0.706211 100.000000
4.100000 1.070000 1.070000 0.291732 0.000000 0.708268 100.000000
4.100000 1.080000 1.080000 0.275706 0.000000 0.724294 100.000000
4.100000 1.090000 1.090000 0.288025 0.000000 0.711975 100.000000
4.100000 1.100000 1.100000 0.293349 0.000000 0.706651 100.000000
4.100000 1.110000 1.110000 0.301501 0.000000 0.698499 100.000000
4.100000 1.120000 1.120000 0.307798 0.000000 0.692202 100.000000
4.100000 1.130000 1.130000 0.307463 0.000000 0.692537 100.000000
4.100000 1.140000 1.140000 0.298897 0.000000 0.701103 100.000000
4.100000 1.150000 1.150000 0.301694 0.000000 0.698306 100.000000
4.100000 1.160000 1.160000 0.299863 0.000000 0.700137 100.000000
4.100000 1.170000 1.170000 0.308785 0.000000 0.691215 100.000000
4.100000 1.180000 1.180000 0.306102 0.000000 0.693898 100.000000
4.100000 1.190000 1.190000 0.311343 0.000000 0.688657 100.000000
4.100000 1.200000 1.200000 0.296150 0.000000 0.703850 100.000000
